,Date,Open,High,Low,Close,Volume
0,2000-01-03,17.375,17.5,16.625,16.6875,170200
1,2000-01-04,16.5,16.625,15.875,16.5,243800
2,2000-01-05,16.625,16.75,16.0,16.4375,166200
3,2000-01-06,16.3125,18.75,16.3125,17.375,291600
4,2000-01-07,18.0,18.1875,17.625,17.9375,655500
5,2000-01-10,18.25,18.25,17.75,17.8125,291600
6,2000-01-11,17.875,18.0625,17.6875,17.8125,485900
7,2000-01-12,18.0,18.25,17.75,17.8125,229600
8,2000-01-13,17.8125,18.625,17.8125,18.5625,255900
9,2000-01-14,18.75,19.1875,18.5,18.75,331000
10,2000-01-18,18.75,19.375,18.1875,19.0,286600
11,2000-01-19,19.125,21.25,19.0625,20.75,849900
12,2000-01-20,22.0,22.3125,20.125,20.125,623200
13,2000-01-21,21.0,21.0,19.75,20.625,773300
14,2000-01-24,21.125,21.875,20.75,21.1875,326800
15,2000-01-25,21.25,21.625,19.5,20.3125,430600
16,2000-01-26,20.3125,21.625,20.1875,21.25,306800
17,2000-01-27,22.0,22.0,20.25,20.3125,264400
18,2000-01-28,18.5,20.25,18.5,19.1875,187700
19,2000-01-31,19.4375,19.9375,18.8125,19.125,188100
20,2000-02-01,18.875,19.8125,18.6875,19.75,72500
21,2000-02-02,19.5,19.625,19.0,19.3125,220300
22,2000-02-03,19.5,19.5,18.375,19.25,90600
23,2000-02-04,20.25,20.25,18.9375,18.9375,163200
24,2000-02-07,19.0,19.1875,18.125,18.5,111900
25,2000-02-08,18.75,18.9375,17.6875,17.6875,174100
26,2000-02-09,17.75,18.0,16.75,17.0625,568100
27,2000-02-10,16.9375,17.625,16.5,16.875,365300
28,2000-02-11,16.8125,17.0,15.875,16.3125,372900
29,2000-02-14,16.5625,16.75,15.5,15.75,473800
30,2000-02-15,15.9375,17.5,15.75,17.25,455000
31,2000-02-16,17.375,17.4375,16.8125,16.9375,133000
32,2000-02-17,16.75,17.0,16.6875,16.8125,148700
33,2000-02-18,16.75,16.875,16.0,16.375,251600
34,2000-02-22,15.0,16.375,15.0,16.0625,707000
35,2000-02-23,15.8125,16.375,15.625,16.375,227400
36,2000-02-24,16.125,16.625,16.0,16.5625,345100
37,2000-02-25,16.8125,16.8125,16.1875,16.4375,252700
38,2000-02-28,16.4375,16.4375,15.1875,15.875,334000
39,2000-02-29,15.75,16.375,15.375,15.625,514300
40,2000-03-01,15.5625,16.0,15.25,15.5,225600
41,2000-03-02,15.125,15.1875,14.75,15.0,606600
42,2000-03-03,15.0,15.0,14.25,14.9375,309300
43,2000-03-06,14.9375,15.0,14.75,15.0,296800
44,2000-03-07,15.0,15.0,14.4375,14.5,408600
45,2000-03-08,14.25,14.5625,13.75,13.9375,569000
46,2000-03-09,13.9375,14.625,13.875,14.5,260600
47,2000-03-10,14.625,15.0,14.5,14.5625,230500
48,2000-03-13,14.4375,14.9375,14.375,14.5,90600
49,2000-03-14,14.5,14.5,13.8125,13.8125,199900
50,2000-03-15,13.875,13.875,13.4375,13.75,403700
51,2000-03-16,13.875,14.75,13.75,14.375,611200
52,2000-03-17,14.375,14.875,13.6875,13.75,459000
53,2000-03-20,14.0,14.5,13.9375,14.125,444300
54,2000-03-21,14.625,15.3125,14.4375,14.875,599300
55,2000-03-22,15.0,15.0625,14.5,14.8125,136300
56,2000-03-23,14.6875,14.8125,14.1875,14.8125,195600
57,2000-03-24,14.75,15.6875,14.75,15.125,341000
58,2000-03-27,15.125,15.5625,15.125,15.1875,233900
59,2000-03-28,15.375,15.5,14.5625,14.9375,125700
60,2000-03-29,15.0,15.0,14.125,14.75,186900
61,2000-03-30,14.625,16.0,14.5625,15.75,314500
62,2000-03-31,15.75,17.3125,15.625,17.25,475900
63,2000-04-03,17.0,17.1875,16.1875,16.375,215500
64,2000-04-04,16.5,16.625,15.0,15.9375,287000
65,2000-04-05,15.75,16.1875,15.6875,15.6875,97300
66,2000-04-06,15.6875,15.8125,15.125,15.25,235500
67,2000-04-07,15.3125,15.375,14.875,15.0,545500
68,2000-04-10,14.9375,14.9375,14.5625,14.5625,265000
69,2000-04-11,14.6875,14.875,14.25,14.5,139700
70,2000-04-12,14.6875,14.6875,14.0,14.0625,389400
71,2000-04-13,14.5,15.25,14.25,14.875,570000
72,2000-04-14,14.25,14.6875,13.8125,14.375,299000
73,2000-04-17,14.5,14.8125,14.0625,14.8125,249000
74,2000-04-18,14.5,15.0,14.375,14.75,277900
75,2000-04-19,14.75,14.75,14.375,14.5,185200
76,2000-04-20,14.5,14.75,14.3125,14.625,168800
77,2000-04-24,14.875,14.875,13.875,13.875,115100
78,2000-04-25,14.125,14.125,13.75,14.125,118500
79,2000-04-26,14.0625,14.0625,13.5625,13.75,163100
80,2000-04-27,13.75,13.875,13.375,13.8125,429600
81,2000-04-28,13.9375,13.9375,13.4375,13.5,130400
82,2000-05-01,13.625,14.75,13.5625,14.0,163300
83,2000-05-02,14.0,14.125,13.0,13.5625,3514400
84,2000-05-03,13.5625,13.5625,13.0,13.25,133600
85,2000-05-04,13.4375,13.625,13.3125,13.375,177900
86,2000-05-05,13.5,13.5,13.3125,13.4375,194100
87,2000-05-08,13.3125,13.9375,13.3125,13.8125,72200
88,2000-05-09,13.6875,14.3125,13.6875,14.0,173900
89,2000-05-10,13.9375,14.0,13.875,13.9375,163600
90,2000-05-11,13.9375,14.375,13.875,13.875,220900
91,2000-05-12,13.875,14.0,13.6875,13.9375,48100
92,2000-05-15,13.8125,14.25,13.8125,14.1875,53800
93,2000-05-16,14.1875,14.9375,14.125,14.5625,164800
94,2000-05-17,14.6875,15.25,14.5625,14.875,428900
95,2000-05-18,15.0,15.0,14.4375,14.5625,238000
96,2000-05-19,14.625,14.9375,14.125,14.4375,126600
97,2000-05-22,14.5,14.625,13.875,14.0625,193500
98,2000-05-23,14.1875,15.5,14.1875,15.0625,494900
99,2000-05-24,15.3125,16.375,15.1875,16.0625,644600
100,2000-05-25,16.375,16.9375,16.25,16.6875,363800
101,2000-05-26,16.625,16.875,16.375,16.6875,613600
102,2000-05-30,16.6875,16.9375,16.4375,16.4375,252600
103,2000-05-31,16.3125,16.75,16.0,16.25,314500
104,2000-06-01,16.125,16.5625,16.0,16.0625,203200
105,2000-06-02,16.25,16.5625,16.0,16.0625,436400
106,2000-06-05,15.875,16.375,15.875,16.0,173500
107,2000-06-06,16.0,16.75,16.0,16.375,176100
108,2000-06-07,16.4375,17.0,16.1875,17.0,374300
109,2000-06-08,16.5625,17.1875,16.5625,17.0625,443000
110,2000-06-09,17.0625,17.75,17.0625,17.625,438200
111,2000-06-12,17.5625,18.125,17.5625,18.0625,370600
112,2000-06-13,18.0625,19.125,18.0625,19.0625,472900
113,2000-06-14,19.0625,19.75,19.0625,19.6875,347600
114,2000-06-15,19.5625,19.9375,17.875,18.1875,539500
115,2000-06-16,18.125,18.75,18.125,18.3125,755300
116,2000-06-19,18.5,18.8125,18.5,18.8125,263300
117,2000-06-20,18.875,19.0625,18.8125,19.0625,141300
118,2000-06-21,19.0625,19.125,18.9375,19.125,176000
119,2000-06-22,19.125,19.625,18.5,18.5,457200
120,2000-06-23,18.5,18.5625,18.0,18.5,278100
121,2000-06-26,18.4375,18.8125,18.25,18.375,154800
122,2000-06-27,18.25,18.5625,17.375,18.0,236100
123,2000-06-28,18.0,18.4375,16.875,18.4375,232700
124,2000-06-29,18.0,18.5,17.875,18.4375,190900
125,2000-06-30,18.5625,19.0,17.0,17.125,705900
126,2000-07-03,17.375,18.9375,17.375,18.625,217900
127,2000-07-05,18.5625,18.5625,17.625,17.8125,308300
128,2000-07-06,17.8125,17.8125,17.0,17.375,742100
129,2000-07-07,17.375,18.125,17.375,18.0,176900
130,2000-07-10,18.0625,18.375,18.0625,18.1875,277100
131,2000-07-11,18.0625,18.0625,17.625,18.0,186100
132,2000-07-12,18.1875,18.9375,17.875,18.6875,178400
133,2000-07-13,18.6875,19.5625,18.5,19.375,562800
134,2000-07-14,19.4375,19.6875,19.25,19.6875,270400
135,2000-07-17,19.8125,19.875,19.3125,19.6875,121300
136,2000-07-18,19.4375,19.5,19.0,19.25,211800
137,2000-07-19,19.25,19.25,19.0,19.0,31700
138,2000-07-20,19.0,19.875,19.0,19.8125,153600
139,2000-07-21,19.8125,19.8125,19.5625,19.5625,129100
140,2000-07-24,19.5625,19.625,19.25,19.375,120400
141,2000-07-25,19.375,19.8125,19.0,19.0,232300
142,2000-07-26,19.0,19.25,19.0,19.0625,214100
143,2000-07-27,19.625,19.625,19.125,19.125,190600
144,2000-07-28,19.125,19.875,19.125,19.875,272400
145,2000-07-31,20.0,20.625,19.9375,20.625,238200
146,2000-08-01,20.625,20.875,20.375,20.75,135500
147,2000-08-02,21.0,21.25,20.8125,21.0625,215200
148,2000-08-03,21.0625,21.25,20.8125,21.1875,134800
149,2000-08-04,21.25,21.625,21.125,21.5625,214200
150,2000-08-07,21.75,22.25,21.375,22.25,257700
151,2000-08-08,22.1875,22.5625,21.8125,22.5625,186500
152,2000-08-09,22.5625,22.75,22.375,22.5625,229400
153,2000-08-10,22.5,22.5,21.125,21.5,165200
154,2000-08-11,21.25,21.25,20.5,20.5625,300200
155,2000-08-14,20.625,20.8125,20.4375,20.5625,134200
156,2000-08-15,20.6875,20.6875,20.0,20.5625,124500
157,2000-08-16,20.4375,20.5625,20.1875,20.5,48700
158,2000-08-17,20.3125,20.4375,20.0625,20.0625,92300
159,2000-08-18,20.0625,20.125,19.875,20.0,111800
160,2000-08-21,20.0,20.3125,19.25,20.3125,191700
161,2000-08-22,20.0625,20.375,20.0,20.375,61300
162,2000-08-23,20.125,20.1875,19.5,20.0,213900
163,2000-08-24,19.75,19.875,18.625,18.8125,600700
164,2000-08-25,18.625,19.0625,18.625,19.0625,121700
165,2000-08-28,19.125,19.5,19.0625,19.4375,112800
166,2000-08-29,19.5,19.5,19.1875,19.25,33400
167,2000-08-30,19.375,20.625,19.125,20.625,154200
168,2000-08-31,20.5,21.0,20.5,20.75,128600
169,2000-09-01,20.625,20.75,20.125,20.4375,262400
170,2000-09-05,21.0625,21.125,20.3125,21.125,227100
171,2000-09-06,21.0625,21.5,20.5,20.75,85900
172,2000-09-07,20.75,20.875,20.3125,20.53125,48800
173,2000-09-08,20.6875,20.6875,20.0625,20.40625,132900
174,2000-09-11,20.4375,21.25,20.3125,20.75,153000
175,2000-09-12,20.5,20.75,20.0,20.125,106300
176,2000-09-13,20.0625,21.0,19.875,20.9375,576300
177,2000-09-14,20.8125,21.75,20.8125,21.75,249000
178,2000-09-15,21.5,21.6875,21.0625,21.6875,135800
179,2000-09-18,21.375,21.375,20.6875,20.6875,98500
180,2000-09-19,20.8125,21.0,20.75,20.8125,93900
181,2000-09-20,21.0,21.0,20.75,20.75,142600
182,2000-09-21,20.8125,21.0,20.125,20.3125,269600
183,2000-09-22,20.0625,20.1875,19.9375,20.0,105200
184,2000-09-25,21.25,22.5,21.25,22.4375,911200
185,2000-09-26,22.4375,22.6875,22.0,22.25,555900
186,2000-09-27,22.5,23.0625,22.25,23.0,538700
187,2000-09-28,23.25,24.1875,22.9375,23.625,5205700
188,2000-09-29,23.625,24.1875,23.1875,24.125,464700
189,2000-10-02,23.75,24.0625,23.6875,23.6875,422800
190,2000-10-03,23.875,24.3125,23.75,24.3125,361700
191,2000-10-04,24.0625,24.125,23.5625,23.625,313100
192,2000-10-05,23.625,24.0,23.375,23.9375,199600
193,2000-10-06,23.9375,24.0,23.5,23.5625,204900
194,2000-10-09,23.3125,23.5,23.25,23.375,233800
195,2000-10-10,23.375,23.9375,23.375,23.5,224000
196,2000-10-11,23.25,23.4375,22.6875,22.6875,186700
197,2000-10-12,22.6875,22.75,20.3125,21.5625,461900
198,2000-10-13,21.5625,22.1875,21.125,21.75,339400
199,2000-10-16,21.625,22.0625,21.0625,21.75,443100
200,2000-10-17,21.5,21.5625,19.5,19.75,611900
201,2000-10-18,19.375,19.875,19.1875,19.6875,344500
202,2000-10-19,19.75,20.3125,19.75,20.1875,143100
203,2000-10-20,20.1875,20.9375,20.0625,20.375,205800
204,2000-10-23,20.4375,20.4375,20.1875,20.3125,82400
205,2000-10-24,20.1875,20.1875,19.5,20.125,152900
206,2000-10-25,20.125,20.125,19.6875,19.8125,82800
207,2000-10-26,19.75,19.875,18.4375,18.8125,247900
208,2000-10-27,18.5625,20.5,17.5,18.5625,648600
209,2000-10-30,18.3125,19.4375,17.6875,19.375,440200
210,2000-10-31,19.3125,21.5625,19.3125,21.5,400600
211,2000-11-01,20.875,20.9375,20.3125,20.375,523200
212,2000-11-02,20.4375,20.5,20.125,20.375,168100
213,2000-11-03,20.125,20.125,18.5,19.0,346500
214,2000-11-06,19.0,19.125,18.625,18.9375,238400
215,2000-11-07,18.9375,18.9375,18.5625,18.625,86100
216,2000-11-08,18.6875,19.625,18.625,19.5625,261700
217,2000-11-09,19.375,19.5,18.25,18.4375,140200
218,2000-11-10,18.4375,19.0,17.6875,18.3125,142200
219,2000-11-13,18.125,18.1875,17.875,17.9375,122200
220,2000-11-14,18.0,18.125,17.8125,17.875,151500
221,2000-11-15,17.9375,18.6875,17.8125,18.5625,199900
222,2000-11-16,18.625,18.625,17.625,17.6875,106300
223,2000-11-17,17.875,18.1875,17.8125,17.9375,84000
224,2000-11-20,17.9375,18.0,17.0,17.0625,64900
225,2000-11-21,17.0625,17.1875,16.625,16.625,141700
226,2000-11-22,16.625,16.625,15.75,15.8125,195600
227,2000-11-24,15.8125,16.5,15.8125,16.3125,118700
228,2000-11-27,16.5,16.625,16.25,16.375,228400
229,2000-11-28,16.375,16.375,15.5,15.9375,269700
230,2000-11-29,15.6875,15.6875,15.1875,15.375,284000
231,2000-11-30,15.375,15.8125,15.25,15.5625,475600
232,2000-12-01,15.75,16.8125,15.75,16.5625,265600
233,2000-12-04,16.5625,16.5625,15.625,15.625,194900
234,2000-12-05,15.6875,17.125,15.6875,17.0625,237500
235,2000-12-06,17.0625,17.0625,16.5,16.5,140600
236,2000-12-07,16.5625,16.8125,16.4375,16.5625,107200
237,2000-12-08,16.6875,18.0,16.6875,18.0,358900
238,2000-12-11,18.0,18.0,17.6875,17.8125,233200
239,2000-12-12,17.875,18.75,17.8125,18.25,380000
240,2000-12-13,18.25,18.25,17.125,17.125,229600
241,2000-12-14,17.3125,17.3125,16.25,16.5625,220200
242,2000-12-15,16.125,16.375,16.0,16.25,350000
243,2000-12-18,14.75,14.9375,12.5625,12.75,1670300
244,2000-12-19,12.75,14.1875,12.0,12.875,1415500
245,2000-12-20,12.75,13.0,11.9375,12.1875,1359600
246,2000-12-21,12.3125,12.625,11.6875,12.0,583600
247,2000-12-22,12.125,12.75,11.875,12.4375,399100
248,2000-12-26,12.5625,12.875,12.4375,12.5,216800
249,2000-12-27,12.5625,13.5,12.375,13.5,259800
250,2000-12-28,13.3125,14.4375,13.3125,14.3125,728200
251,2000-12-29,14.25,14.375,13.125,13.4375,393400
252,2001-01-02,13.3125,13.9375,13.125,13.1875,467000
253,2001-01-03,13.375,14.3125,12.75,14.3125,1509300
254,2001-01-04,14.5,15.1875,14.375,14.875,676600
255,2001-01-05,14.8125,14.9375,14.75,14.75,849900
256,2001-01-08,14.75,15.1875,14.75,14.9375,461800
257,2001-01-09,14.9375,15.125,14.625,14.6875,238100
258,2001-01-10,14.75,15.1875,14.625,15.1875,171800
259,2001-01-11,15.1875,15.1875,14.75,14.8125,430900
260,2001-01-12,14.8125,15.0,14.5625,14.875,221000
261,2001-01-16,15.0625,16.0,14.8125,16.0,561500
262,2001-01-17,15.875,16.125,15.5,15.8125,185900
263,2001-01-18,15.5625,15.6875,15.125,15.1875,110000
264,2001-01-19,15.25,15.5,15.0,15.3125,233600
265,2001-01-22,15.1875,15.625,14.9375,15.5625,266500
266,2001-01-23,15.3125,16.125,15.3125,16.125,303800
267,2001-01-24,16.375,16.875,15.875,15.9375,232100
268,2001-01-25,15.8125,16.5625,15.625,16.5625,72400
269,2001-01-26,16.4375,16.9375,16.40625,16.9375,135400
270,2001-01-29,16.700001,17.6,16.700001,17.469999,135800
271,2001-01-30,17.469999,18.35,17.299999,18.18,239300
272,2001-01-31,18.01,18.1,16.9,17.290001,222500
273,2001-02-01,17.49,17.49,16.459999,17.290001,127300
274,2001-02-02,17.540001,17.59,16.299999,16.809999,175200
275,2001-02-05,16.700001,17.02,16.5,17.0,64900
276,2001-02-06,16.9,17.290001,16.799999,17.049999,157000
277,2001-02-07,16.9,17.34,16.700001,17.16,132000
278,2001-02-08,17.17,17.51,17.0,17.389999,102300
279,2001-02-09,17.299999,17.75,17.200001,17.34,257100
280,2001-02-12,17.389999,17.879999,17.18,17.879999,105700
281,2001-02-13,17.700001,18.799999,17.700001,18.66,214100
282,2001-02-14,18.66,18.790001,16.91,16.93,415200
283,2001-02-15,16.9,17.950001,16.9,17.889999,190900
284,2001-02-16,17.4,17.4,17.15,17.26,219600
285,2001-02-20,17.209999,17.459999,16.91,16.950001,169900
286,2001-02-21,17.200001,17.200001,16.799999,16.98,106500
287,2001-02-22,16.91,17.35,16.799999,16.82,220000
288,2001-02-23,16.799999,17.0,16.1,17.0,207200
289,2001-02-26,17.0,17.139999,16.809999,16.99,392700
290,2001-02-27,16.99,17.0,16.219999,16.280001,487400
291,2001-02-28,16.43,17.209999,16.43,17.110001,432900
292,2001-03-01,17.059999,17.290001,16.700001,17.09,182300
293,2001-03-02,17.049999,18.15,17.049999,17.9,429300
294,2001-03-05,17.75,17.99,17.200001,17.200001,472100
295,2001-03-06,17.379999,17.65,17.219999,17.370001,540900
296,2001-03-07,18.0,18.1,17.35,17.49,619400
297,2001-03-08,17.799999,18.299999,17.65,18.280001,539700
298,2001-03-09,17.75,19.73,17.620001,19.440001,500600
299,2001-03-12,19.190001,19.35,18.6,18.67,308600
300,2001-03-13,18.42,19.709999,18.42,19.43,435900
301,2001-03-14,19.15,19.16,18.440001,18.450001,208900
302,2001-03-15,18.67,18.76,18.0,18.0,231200
303,2001-03-16,18.25,18.299999,17.540001,17.540001,280200
304,2001-03-19,17.700001,17.9,17.25,17.25,374000
305,2001-03-20,17.4,17.59,17.0,17.01,546700
306,2001-03-21,16.799999,16.809999,16.17,16.18,186800
307,2001-03-22,16.4,16.4,15.9,16.02,306800
308,2001-03-23,16.030001,16.549999,16.02,16.49,346800
309,2001-03-26,16.25,16.85,16.15,16.219999,174700
310,2001-03-27,16.469999,17.02,16.299999,17.0,292000
311,2001-03-28,16.6,16.950001,16.299999,16.35,241700
312,2001-03-29,16.549999,16.6,15.98,15.98,250800
313,2001-03-30,15.95,16.33,15.61,16.33,695300
314,2001-04-02,16.33,16.459999,15.68,15.78,212200
315,2001-04-03,16.0,16.0,15.06,15.26,284100
316,2001-04-04,15.26,15.41,15.15,15.19,124500
317,2001-04-05,15.45,17.120001,15.4,16.940001,303000
318,2001-04-06,16.5,16.75,15.73,16.48,256700
319,2001-04-09,16.48,17.6,16.48,16.99,393600
320,2001-04-10,17.08,17.700001,17.0,17.690001,226900
321,2001-04-11,17.6,17.92,17.49,17.92,305400
322,2001-04-12,17.700001,18.0,17.450001,17.639999,206100
323,2001-04-16,17.700001,17.700001,17.200001,17.219999,100700
324,2001-04-17,17.35,17.889999,17.200001,17.889999,564900
325,2001-04-18,17.639999,19.17,17.639999,19.01,407900
326,2001-04-19,19.0,19.25,18.440001,18.530001,243300
327,2001-04-20,18.530001,18.540001,17.700001,18.25,150700
328,2001-04-23,18.25,18.49,18.049999,18.059999,110800
329,2001-04-24,18.08,18.09,17.5,17.700001,185700
330,2001-04-25,17.9,18.469999,17.629999,18.469999,326800
331,2001-04-26,18.469999,19.4,18.43,19.0,259400
332,2001-04-27,19.01,19.85,18.799999,19.790001,354000
333,2001-04-30,19.65,20.08,19.5,20.02,193900
334,2001-05-01,19.9,21.76,19.9,21.700001,625100
335,2001-05-02,21.700001,23.4,21.59,22.26,613800
336,2001-05-03,22.0,22.5,21.6,22.219999,435200
337,2001-05-04,22.0,22.4,21.07,22.4,339800
338,2001-05-07,22.4,22.66,21.200001,22.1,438400
339,2001-05-08,21.4,21.9,21.120001,21.4,1484300
340,2001-05-09,21.75,21.9,21.0,21.5,473100
341,2001-05-10,21.75,22.200001,21.75,21.809999,435800
342,2001-05-11,21.85,21.85,21.450001,21.450001,449800
343,2001-05-14,21.49,21.49,21.200001,21.280001,282000
344,2001-05-15,21.25,21.25,20.1,20.690001,1053800
345,2001-05-16,20.68,20.780001,20.299999,20.700001,659200
346,2001-05-17,20.75,20.799999,20.469999,20.799999,378600
347,2001-05-18,20.0,20.85,20.0,20.85,434300
348,2001-05-21,20.9,21.24,20.799999,21.24,701500
349,2001-05-22,21.379999,22.33,21.299999,22.290001,794500
350,2001-05-23,22.299999,22.950001,22.299999,22.85,705600
351,2001-05-24,22.860001,22.99,22.43,22.43,556400
352,2001-05-25,22.440001,22.440001,22.17,22.26,239600
353,2001-05-29,22.200001,22.5,22.049999,22.17,401400
354,2001-05-30,22.1,23.4,22.0,22.969999,627600
355,2001-05-31,22.969999,23.290001,22.969999,23.07,190800
356,2001-06-01,23.07,23.139999,22.5,23.1,208400
357,2001-06-04,23.15,23.950001,23.049999,23.799999,188900
358,2001-06-05,23.65,24.74,23.65,24.67,368200
359,2001-06-06,25.049999,25.09,24.120001,24.23,391700
360,2001-06-07,24.1,25.25,24.1,25.25,486900
361,2001-06-08,25.25,26.02,25.25,25.98,391600
362,2001-06-11,25.85,25.85,25.27,25.469999,621800
363,2001-06-12,25.27,26.290001,25.15,26.25,397200
364,2001-06-13,26.299999,26.4,25.290001,25.42,651700
365,2001-06-14,25.0,25.4,24.67,25.4,348900
366,2001-06-15,25.059999,25.4,24.559999,24.700001,453800
367,2001-06-18,24.799999,25.0,24.15,24.41,223000
368,2001-06-19,24.950001,24.950001,24.25,24.540001,283900
369,2001-06-20,24.299999,24.700001,24.299999,24.549999,437400
370,2001-06-21,24.4,24.5,24.299999,24.43,184800
371,2001-06-22,24.42,24.42,23.51,23.700001,202200
372,2001-06-25,23.799999,24.0,23.389999,23.389999,372400
373,2001-06-26,23.49,23.85,22.84,23.610001,518600
374,2001-06-27,23.620001,24.85,23.6,24.85,489300
375,2001-06-28,24.85,25.280001,24.25,25.129999,295700
376,2001-06-29,25.200001,25.99,24.9,25.950001,662900
377,2001-07-02,25.85,26.0,25.25,25.48,416600
378,2001-07-03,25.48,26.0,25.040001,25.27,258200
379,2001-07-05,25.299999,25.9,25.27,25.280001,153700
380,2001-07-06,24.450001,24.459999,23.57,23.9,446400
381,2001-07-09,24.0,24.6,24.0,24.25,125200
382,2001-07-10,24.25,24.299999,23.889999,24.049999,150700
383,2001-07-11,24.049999,24.049999,22.700001,23.25,267000
384,2001-07-12,23.5,23.950001,23.35,23.450001,321600
385,2001-07-13,23.6,23.85,23.18,23.549999,217500
386,2001-07-16,23.6,23.799999,22.93,23.379999,190300
387,2001-07-17,23.129999,24.0,23.01,23.950001,220800
388,2001-07-18,23.85,23.950001,23.540001,23.870001,375100
389,2001-07-19,23.799999,24.0,23.65,23.870001,174800
390,2001-07-20,24.0,24.0,23.25,23.41,193300
391,2001-07-23,23.5,24.27,23.5,24.15,219800
392,2001-07-24,24.1,24.1,23.0,23.66,232600
393,2001-07-25,23.65,23.65,22.1,23.43,377200
394,2001-07-26,23.35,23.9,22.950001,23.799999,346900
395,2001-07-27,23.799999,24.08,23.360001,23.950001,175900
396,2001-07-30,23.950001,23.950001,23.15,23.32,73300
397,2001-07-31,23.0,23.799999,22.65,23.389999,310200
398,2001-08-01,23.4,23.92,23.299999,23.690001,350700
399,2001-08-02,23.799999,23.799999,23.23,23.51,154000
400,2001-08-03,23.75,23.99,23.360001,23.9,266900
401,2001-08-06,23.65,23.65,23.16,23.209999,106500
402,2001-08-07,23.25,23.5,22.950001,23.33,101800
403,2001-08-08,23.25,23.6,22.719999,23.139999,295600
404,2001-08-09,23.139999,23.15,22.610001,23.049999,163300
405,2001-08-10,23.049999,23.74,23.0,23.35,189900
406,2001-08-13,23.35,23.5,22.65,23.4,93400
407,2001-08-14,23.4,23.49,23.24,23.450001,115800
408,2001-08-15,23.25,23.459999,23.0,23.24,107700
409,2001-08-16,23.24,23.6,23.0,23.51,149200
410,2001-08-17,23.26,23.950001,23.15,23.719999,297200
411,2001-08-20,23.6,24.469999,23.290001,24.469999,187200
412,2001-08-21,24.469999,24.85,24.049999,24.129999,172700
413,2001-08-22,24.16,24.23,23.85,23.98,169900
414,2001-08-23,23.98,24.08,23.870001,23.959999,172700
415,2001-08-24,23.85,24.1,23.85,23.92,102100
416,2001-08-27,24.0,24.0,23.700001,23.790001,169600
417,2001-08-28,23.65,23.65,23.35,23.58,602300
418,2001-08-29,23.620001,23.700001,23.51,23.639999,64700
419,2001-08-30,23.639999,23.639999,22.799999,22.84,120700
420,2001-08-31,22.950001,23.25,22.690001,23.25,161400
421,2001-09-04,23.25,23.959999,23.15,23.200001,225100
422,2001-09-05,23.209999,23.68,23.08,23.120001,359200
423,2001-09-06,23.08,23.09,22.57,22.65,145300
424,2001-09-07,22.450001,22.799999,21.639999,21.639999,194700
425,2001-09-10,21.639999,21.639999,20.040001,20.530001,625900
426,2001-09-17,20.299999,21.9,19.700001,19.860001,555800
427,2001-09-18,19.9,20.0,19.4,19.5,318800
428,2001-09-19,19.6,19.99,17.9,18.700001,198000
429,2001-09-20,18.5,18.75,17.620001,18.700001,613800
430,2001-09-21,18.25,18.6,17.200001,17.9,477200
431,2001-09-24,17.9,18.65,17.639999,18.18,429500
432,2001-09-25,18.18,19.25,17.940001,18.5,606100
433,2001-09-26,17.799999,17.9,16.35,16.459999,1148900
434,2001-09-27,16.4,17.200001,15.3,17.15,560700
435,2001-09-28,17.299999,18.0,17.059999,17.34,427900
436,2001-10-01,17.35,17.700001,17.02,17.1,295400
437,2001-10-02,17.0,17.200001,16.82,16.969999,226700
438,2001-10-03,16.75,18.9,16.75,18.67,912600
439,2001-10-04,19.0,19.0,18.1,18.33,471500
440,2001-10-05,18.299999,18.299999,17.6,17.76,186400
441,2001-10-08,17.76,17.98,17.4,17.799999,152900
442,2001-10-09,17.799999,17.959999,17.0,17.85,549600
443,2001-10-10,17.799999,19.549999,17.65,19.24,263000
444,2001-10-11,19.24,20.5,19.24,19.5,385600
445,2001-10-12,19.450001,19.450001,18.15,18.43,273500
446,2001-10-15,18.5,18.92,18.129999,18.75,227700
447,2001-10-16,18.799999,19.25,18.73,19.15,85600
448,2001-10-17,19.15,19.700001,18.1,18.110001,250300
449,2001-10-18,17.799999,18.299999,17.65,17.790001,158800
450,2001-10-19,17.790001,17.940001,17.0,17.709999,214600
451,2001-10-22,17.75,18.059999,17.4,17.5,232700
452,2001-10-23,17.549999,18.07,17.34,18.0,193000
453,2001-10-24,18.0,18.440001,17.85,18.290001,152600
454,2001-10-25,17.6,18.780001,17.200001,18.719999,187500
455,2001-10-26,18.700001,19.52,18.65,19.309999,187000
456,2001-10-29,19.450001,19.5,18.57,18.65,190000
457,2001-10-30,18.25,18.860001,18.200001,18.68,317800
458,2001-10-31,18.690001,19.0,18.16,18.25,102400
459,2001-11-01,18.15,18.92,18.1,18.700001,84800
460,2001-11-02,18.700001,19.16,18.610001,19.049999,143800
461,2001-11-05,18.799999,19.1,18.799999,18.860001,90300
462,2001-11-06,18.860001,19.0,18.6,18.6,195500
463,2001-11-07,18.700001,19.799999,18.4,19.67,329000
464,2001-11-08,19.75,20.790001,19.75,20.540001,527600
465,2001-11-09,20.4,20.75,20.200001,20.540001,134900
466,2001-11-12,20.4,20.6,19.9,20.41,83300
467,2001-11-13,19.0,20.5,19.0,20.5,871000
468,2001-11-14,20.65,21.450001,20.42,20.549999,351000
469,2001-11-15,20.75,21.6,20.75,21.299999,384700
470,2001-11-16,21.309999,21.74,21.25,21.629999,375200
471,2001-11-19,21.65,21.99,21.65,21.879999,190800
472,2001-11-20,21.83,22.0,20.700001,21.049999,264700
473,2001-11-21,21.200001,21.299999,20.65,20.950001,174000
474,2001-11-23,21.1,21.25,21.0,21.200001,69100
475,2001-11-26,21.35,21.799999,20.799999,21.719999,175900
476,2001-11-27,21.799999,21.93,21.25,21.700001,130000
477,2001-11-28,21.700001,22.08,21.5,21.809999,216700
478,2001-11-29,21.809999,22.1,21.65,22.02,211200
479,2001-11-30,22.15,22.620001,21.549999,21.77,467300
480,2001-12-03,21.950001,22.059999,21.65,21.84,273500
481,2001-12-04,21.950001,23.09,21.9,22.85,568900
482,2001-12-05,23.1,24.02,23.0,24.0,946100
483,2001-12-06,24.0,24.59,23.549999,24.49,383000
484,2001-12-07,24.299999,24.98,24.299999,24.440001,380100
485,2001-12-10,23.25,23.950001,23.0,23.780001,384600
486,2001-12-11,23.780001,24.5,23.700001,24.48,173000
487,2001-12-12,24.48,24.48,23.35,23.65,325700
488,2001-12-13,23.65,23.65,22.85,22.85,218100
489,2001-12-14,23.1,23.4,22.76,22.889999,245200
490,2001-12-17,22.950001,23.200001,22.799999,22.799999,371700
491,2001-12-18,22.799999,23.18,22.6,22.75,314400
492,2001-12-19,22.85,22.91,22.389999,22.74,397900
493,2001-12-20,22.65,23.0,22.25,22.9,218000
494,2001-12-21,22.4,22.950001,22.4,22.700001,510800
495,2001-12-24,22.700001,22.940001,22.4,22.620001,177600
496,2001-12-26,22.799999,23.0,22.469999,22.870001,478600
497,2001-12-27,22.950001,23.98,22.950001,23.469999,775000
498,2001-12-28,23.65,23.879999,23.200001,23.379999,176800
499,2001-12-31,23.25,23.25,22.5,22.700001,236800
500,2002-01-02,22.620001,23.040001,22.25,23.02,416400
501,2002-01-03,23.02,23.190001,22.25,22.57,343700
502,2002-01-04,22.75,23.4,22.75,23.1,262000
503,2002-01-07,23.1,23.129999,22.139999,22.23,175400
504,2002-01-08,22.450001,22.98,21.92,22.870001,224400
505,2002-01-09,22.75,23.299999,22.549999,22.620001,239800
506,2002-01-10,22.620001,22.98,22.33,22.85,187500
507,2002-01-11,22.85,23.1,22.389999,22.4,151500
508,2002-01-14,21.299999,21.309999,19.299999,20.049999,1520300
509,2002-01-15,20.049999,20.73,19.5,20.620001,887100
510,2002-01-16,20.620001,20.75,20.09,20.360001,447200
511,2002-01-17,20.5,20.74,20.219999,20.42,193700
512,2002-01-18,20.4,20.41,20.02,20.07,283100
513,2002-01-22,19.950001,20.059999,19.700001,19.969999,771800
514,2002-01-23,20.15,20.57,19.9,20.49,210300
515,2002-01-24,20.450001,21.17,20.389999,21.120001,320700
516,2002-01-25,21.0,21.110001,20.6,20.93,187100
517,2002-01-28,20.99,21.030001,20.450001,20.66,204400
518,2002-01-29,20.67,20.9,19.9,20.02,364100
519,2002-01-30,20.200001,21.6,20.200001,21.389999,544500
520,2002-01-31,22.049999,22.049999,21.15,21.25,285200
521,2002-02-01,21.549999,21.950001,21.26,21.65,258000
522,2002-02-04,21.9,21.959999,20.84,21.15,196500
523,2002-02-05,21.15,21.700001,20.75,20.780001,310500
524,2002-02-06,20.9,21.15,20.700001,21.01,257700
525,2002-02-07,21.1,21.1,20.73,20.85,299400
526,2002-02-08,20.860001,21.25,20.610001,21.08,410400
527,2002-02-11,21.299999,21.860001,21.219999,21.85,211000
528,2002-02-12,21.85,22.6,21.709999,22.17,424300
529,2002-02-13,22.25,23.07,22.25,22.799999,466000
530,2002-02-14,22.799999,23.35,22.709999,22.860001,587200
531,2002-02-15,22.700001,23.0,22.23,22.23,244600
532,2002-02-19,22.24,22.4,21.9,22.01,170500
533,2002-02-20,22.1,22.4,21.65,21.98,257400
534,2002-02-21,22.0,22.0,21.5,21.5,129900
535,2002-02-22,21.700001,21.950001,21.5,21.59,228400
536,2002-02-25,21.65,22.5,21.5,22.280001,310600
537,2002-02-26,22.75,24.4,22.75,24.209999,686900
538,2002-02-27,24.219999,24.940001,24.219999,24.559999,402000
539,2002-02-28,24.450001,24.9,24.110001,24.33,179600
540,2002-03-01,24.5,25.299999,24.049999,25.200001,222900
541,2002-03-04,25.5,27.309999,25.5,27.1,783300
542,2002-03-05,27.049999,27.059999,26.48,26.610001,651600
543,2002-03-06,26.549999,26.969999,26.43,26.870001,665900
544,2002-03-07,29.75,29.799999,28.299999,29.120001,1543200
545,2002-03-08,29.049999,30.709999,29.0,30.32,1569200
546,2002-03-11,30.5,30.700001,29.68,29.950001,697200
547,2002-03-12,29.9,30.1,29.360001,29.99,477500
548,2002-03-13,30.299999,30.360001,29.25,29.49,604500
549,2002-03-14,29.6,29.700001,28.76,29.4,295100
550,2002-03-15,29.35,29.48,28.9,29.48,286900
551,2002-03-18,29.5,30.83,29.5,30.540001,732000
552,2002-03-19,28.0,28.049999,27.1,27.1,4785800
553,2002-03-20,26.5,26.51,25.620001,26.01,2696600
554,2002-03-21,26.1,26.6,25.6,25.799999,582800
555,2002-03-22,25.950001,26.549999,25.549999,26.35,1446800
556,2002-03-25,26.85,27.190001,26.6,26.799999,1789400
557,2002-03-26,26.85,28.040001,26.85,27.5,2095700
558,2002-03-27,27.5,27.65,27.35,27.5,371000
559,2002-03-28,27.700001,27.9,27.27,27.48,804700
560,2002-04-01,27.9,27.9,26.799999,27.09,467900
561,2002-04-02,27.0,27.0,26.41,26.76,360100
562,2002-04-03,26.75,26.860001,25.77,26.049999,641600
563,2002-04-04,26.1,26.799999,26.059999,26.709999,1161800
564,2002-04-05,27.1,27.32,26.92,26.969999,380400
565,2002-04-08,26.75,27.950001,26.719999,27.860001,547800
566,2002-04-09,27.9,28.200001,27.52,27.76,321000
567,2002-04-10,27.799999,28.870001,27.790001,28.870001,406600
568,2002-04-11,28.75,28.82,27.5,27.5,410600
569,2002-04-12,27.65,28.469999,27.549999,27.9,455300
570,2002-04-15,27.9,28.09,27.309999,27.450001,295600
571,2002-04-16,27.65,28.67,27.6,28.6,958200
572,2002-04-17,28.700001,28.799999,27.67,27.67,420900
573,2002-04-18,27.74,27.74,27.1,27.35,323500
574,2002-04-19,27.549999,27.6,27.32,27.34,321100
575,2002-04-22,27.34,27.34,26.6,26.780001,400200
576,2002-04-23,26.799999,27.48,26.700001,27.09,373700
577,2002-04-24,27.1,27.4,26.43,26.52,313700
578,2002-04-25,26.719999,26.85,26.0,26.16,355500
579,2002-04-26,26.299999,26.299999,25.65,25.709999,536000
580,2002-04-29,25.9,25.9,25.0,25.01,395800
581,2002-04-30,25.049999,25.82,25.049999,25.5,511000
582,2002-05-01,25.5,26.139999,25.41,25.99,427300
583,2002-05-02,26.0,26.15,25.700001,25.76,276300
584,2002-05-03,25.799999,25.799999,25.040001,25.18,365000
585,2002-05-06,25.15,25.700001,24.9,24.950001,1039400
586,2002-05-07,25.01,25.1,24.379999,24.379999,380600
587,2002-05-08,24.48,25.08,24.280001,24.950001,465700
588,2002-05-09,24.959999,25.1,24.309999,24.370001,519700
589,2002-05-10,24.6,24.6,23.75,24.0,763300
590,2002-05-13,24.5,24.5,23.6,23.860001,345000
591,2002-05-14,23.860001,25.48,23.860001,25.25,658000
592,2002-05-15,25.15,25.99,24.82,25.66,384800
593,2002-05-16,25.459999,25.66,25.0,25.07,161400
594,2002-05-17,25.27,25.27,24.41,24.68,296500
595,2002-05-20,24.5,24.85,24.23,24.360001,253100
596,2002-05-21,24.360001,24.9,23.09,23.1,2611900
597,2002-05-22,23.059999,23.450001,22.92,23.049999,421200
598,2002-05-23,23.0,23.6,23.0,23.549999,553700
599,2002-05-24,23.549999,23.99,23.549999,23.610001,446500
600,2002-05-28,23.65,23.780001,23.4,23.530001,282700
601,2002-05-29,23.540001,23.540001,23.030001,23.059999,562000
602,2002-05-30,23.059999,23.190001,22.530001,23.049999,424600
603,2002-05-31,23.1,23.5,23.0,23.34,310300
604,2002-06-03,23.35,23.65,22.639999,22.82,523100
605,2002-06-04,23.0,23.049999,22.35,22.42,389500
606,2002-06-05,22.450001,23.0,22.309999,22.6,181500
607,2002-06-06,22.5,22.73,21.950001,22.4,254700
608,2002-06-07,21.75,23.43,21.73,22.780001,413600
609,2002-06-10,22.9,23.190001,22.75,22.91,228800
610,2002-06-11,22.950001,23.200001,22.48,22.5,193400
611,2002-06-12,22.4,22.559999,21.01,21.950001,370400
612,2002-06-13,21.98,22.440001,21.82,22.15,658500
613,2002-06-14,22.4,22.719999,21.700001,22.58,353900
614,2002-06-17,22.65,23.35,22.389999,23.18,170000
615,2002-06-18,23.1,23.74,23.07,23.32,300800
616,2002-06-19,23.25,23.41,22.48,22.57,175400
617,2002-06-20,22.75,23.27,21.98,22.280001,163400
618,2002-06-21,22.030001,22.58,21.99,21.99,300800
619,2002-06-24,22.08,22.35,21.07,21.469999,399600
620,2002-06-25,21.6,22.49,21.6,21.98,317300
621,2002-06-26,21.549999,21.6,20.799999,21.48,545400
622,2002-06-27,21.950001,22.25,21.5,21.85,363100
623,2002-06-28,21.85,22.280001,21.5,21.799999,911800
624,2002-07-01,18.6,19.4,17.9,17.950001,2537800
625,2002-07-02,18.0,18.200001,17.5,17.690001,788700
626,2002-07-03,17.549999,17.68,16.4,16.9,716200
627,2002-07-05,16.9,17.5,16.860001,17.35,370900
628,2002-07-08,16.57,17.299999,16.51,17.09,1119500
629,2002-07-09,17.07,17.34,16.799999,16.83,249300
630,2002-07-10,16.65,16.799999,15.71,15.85,466000
631,2002-07-11,15.9,15.99,14.7,15.54,903000
632,2002-07-12,15.7,16.299999,15.32,15.75,843200
633,2002-07-15,15.5,16.65,15.37,16.620001,972700
634,2002-07-16,16.0,16.299999,15.8,15.96,732400
635,2002-07-17,16.1,16.5,15.9,16.120001,552300
636,2002-07-18,16.0,16.23,15.89,15.91,652100
637,2002-07-19,15.75,16.040001,15.0,15.89,487100
638,2002-07-22,15.64,16.0,15.03,15.13,472400
639,2002-07-23,14.85,15.03,13.77,14.13,929200
640,2002-07-24,13.4,14.6,13.1,13.58,963100
641,2002-07-25,13.59,14.73,13.24,14.0,793500
642,2002-07-26,14.0,14.01,13.5,13.6,684200
643,2002-07-29,14.0,14.94,13.9,14.8,600200
644,2002-07-30,14.75,15.0,14.14,15.0,590200
645,2002-07-31,14.9,14.9,14.23,14.5,446600
646,2002-08-01,14.5,14.5,13.8,14.11,439700
647,2002-08-02,14.21,14.21,13.02,13.16,274700
648,2002-08-05,13.2,13.26,12.57,12.7,211800
649,2002-08-06,12.71,13.85,12.71,13.5,257700
650,2002-08-07,13.53,13.64,12.8,13.16,291100
651,2002-08-08,13.06,13.9,12.9,13.73,230900
652,2002-08-09,13.63,13.7,13.25,13.5,111200
653,2002-08-12,13.4,13.54,13.16,13.34,266200
654,2002-08-13,13.4,13.55,12.81,12.83,344200
655,2002-08-14,12.83,13.76,12.6,13.74,463600
656,2002-08-15,13.84,14.45,13.84,14.31,301500
657,2002-08-16,14.29,14.8,14.03,14.5,142200
658,2002-08-19,14.9,15.3,14.79,15.15,315000
659,2002-08-20,15.35,15.5,14.72,14.85,205200
660,2002-08-21,15.2,15.7,15.14,15.6,301000
661,2002-08-22,15.65,15.8,15.1,15.61,156200
662,2002-08-23,15.45,15.52,15.16,15.18,164100
663,2002-08-26,15.3,15.79,15.0,15.74,175300
664,2002-08-27,15.85,15.94,14.91,15.1,319300
665,2002-08-28,15.08,15.31,14.7,15.0,249600
666,2002-08-29,14.9,15.55,14.75,15.45,322400
667,2002-08-30,15.41,15.7,15.26,15.45,210500
668,2002-09-03,15.45,15.45,14.1,14.18,245600
669,2002-09-04,14.5,14.88,14.19,14.87,280500
670,2002-09-05,14.77,14.77,13.77,13.77,362600
671,2002-09-06,13.98,14.38,13.9,14.35,394100
672,2002-09-09,14.3,14.76,13.88,14.55,167400
673,2002-09-10,14.55,14.65,14.24,14.28,240600
674,2002-09-11,14.18,14.47,14.14,14.28,259900
675,2002-09-12,14.25,14.39,14.0,14.11,199700
676,2002-09-13,14.06,14.12,13.34,13.34,432200
677,2002-09-16,13.44,13.69,13.05,13.2,256200
678,2002-09-17,13.45,13.46,12.59,12.76,667000
679,2002-09-18,12.7,12.7,12.01,12.35,398000
680,2002-09-19,12.25,12.53,11.95,12.46,350800
681,2002-09-20,12.4,12.4,10.9,11.0,1594600
682,2002-09-23,11.0,11.0,8.9,9.13,2211200
683,2002-09-24,9.13,9.7,9.0,9.25,1431200
684,2002-09-25,9.25,9.55,9.25,9.52,903700
685,2002-09-26,9.52,9.79,9.44,9.7,448800
686,2002-09-27,9.6,9.67,8.9,8.95,559100
687,2002-09-30,8.85,8.9,8.4,8.44,615000
688,2002-10-01,8.47,8.48,7.75,8.14,923900
689,2002-10-02,8.13,8.39,8.02,8.09,607900
690,2002-10-03,8.05,8.19,6.92,6.93,495900
691,2002-10-04,6.96,7.4,6.89,7.05,1218300
692,2002-10-07,7.1,7.3,7.01,7.01,658000
693,2002-10-08,7.02,7.4,6.75,7.25,719600
694,2002-10-09,6.75,7.18,6.75,7.1,649700
695,2002-10-10,7.0,7.38,6.7,7.23,691100
696,2002-10-11,7.33,7.75,7.33,7.52,727800
697,2002-10-14,7.55,7.55,7.2,7.3,452600
698,2002-10-15,7.4,8.22,7.4,8.0,853400
699,2002-10-16,7.9,7.91,7.24,7.35,362500
700,2002-10-17,7.55,7.8,7.1,7.1,315800
701,2002-10-18,7.3,7.4,7.0,7.27,224500
702,2002-10-21,7.25,7.54,7.03,7.4,267700
703,2002-10-22,7.58,7.58,7.15,7.4,313500
704,2002-10-23,7.25,7.92,6.35,6.45,2154000
705,2002-10-24,6.5,6.85,6.36,6.65,978500
706,2002-10-25,7.05,7.07,6.45,6.45,440300
707,2002-10-28,6.55,6.55,6.25,6.3,689200
708,2002-10-29,6.28,6.35,5.95,6.05,819200
709,2002-10-30,6.09,6.2,5.88,6.04,448300
710,2002-10-31,6.1,6.2,5.88,6.1,431400
711,2002-11-01,6.1,6.38,5.98,6.18,536600
712,2002-11-04,6.25,6.9,6.22,6.75,879800
713,2002-11-05,7.03,7.15,6.95,7.0,1112700
714,2002-11-06,7.1,7.53,7.02,7.3,978300
715,2002-11-07,7.4,7.6,7.11,7.25,425100
716,2002-11-08,7.25,7.65,7.25,7.5,1220100
717,2002-11-11,7.4,7.7,7.11,7.35,1373900
718,2002-11-12,7.37,7.9,7.3,7.73,394500
719,2002-11-13,7.53,8.51,7.35,8.49,886500
720,2002-11-14,8.59,9.09,8.3,8.93,750900
721,2002-11-15,8.83,8.9,8.5,8.9,699500
722,2002-11-18,8.89,9.24,8.89,9.15,518800
723,2002-11-19,9.05,9.3,8.96,9.1,346300
724,2002-11-20,9.05,9.22,8.95,8.95,269000
725,2002-11-21,8.95,10.05,8.95,9.76,688200
726,2002-11-22,9.56,10.26,9.56,10.11,717200
727,2002-11-25,10.2,10.6,9.55,9.67,505900
728,2002-11-26,9.84,9.93,9.31,9.35,347900
729,2002-11-27,9.57,10.19,9.57,9.85,423100
730,2002-11-29,9.95,9.96,9.6,9.69,103400
731,2002-12-02,9.79,10.24,9.79,10.13,362000
732,2002-12-03,10.03,10.04,9.7,9.73,259100
733,2002-12-04,9.73,10.17,9.45,10.15,281900
734,2002-12-05,10.15,10.15,9.5,9.54,301200
735,2002-12-06,9.44,9.68,9.16,9.3,390200
736,2002-12-09,9.3,9.3,8.2,8.71,1056000
737,2002-12-10,8.85,8.86,8.5,8.69,414900
738,2002-12-11,8.59,8.71,8.4,8.7,291200
739,2002-12-12,9.0,9.2,8.87,9.0,483400
740,2002-12-13,8.85,8.85,8.25,8.26,311400
741,2002-12-16,8.36,8.83,8.26,8.83,340200
742,2002-12-17,8.79,9.25,8.66,9.11,703600
743,2002-12-18,9.07,9.6,9.0,9.42,420400
744,2002-12-19,9.43,9.64,9.2,9.51,601600
745,2002-12-20,9.5,10.15,9.4,10.15,703700
746,2002-12-23,10.11,10.55,10.1,10.55,446900
747,2002-12-24,10.45,10.46,10.06,10.14,321600
748,2002-12-26,10.18,10.41,9.9,10.2,339700
749,2002-12-27,10.2,10.4,9.99,10.07,409400
750,2002-12-30,10.1,10.64,10.06,10.64,315500
751,2002-12-31,10.54,10.86,10.26,10.76,394300
752,2003-01-02,10.8,12.47,10.8,12.25,1008000
753,2003-01-03,12.22,12.22,11.42,11.44,535700
754,2003-01-06,11.49,11.95,11.42,11.95,349600
755,2003-01-07,11.95,12.38,11.95,12.18,589400
756,2003-01-08,12.15,12.24,11.9,11.95,267500
757,2003-01-09,11.96,12.41,11.9,12.32,414600
758,2003-01-10,12.3,12.5,12.25,12.38,381900
759,2003-01-13,12.58,12.6,12.0,12.18,263700
760,2003-01-14,12.15,12.38,12.0,12.27,316700
761,2003-01-15,11.97,12.04,11.3,11.92,919200
762,2003-01-16,11.42,11.7,11.2,11.26,703600
763,2003-01-17,11.23,11.35,11.0,11.17,279100
764,2003-01-21,11.27,11.45,11.14,11.16,240600
765,2003-01-22,11.06,11.1,10.55,10.62,258000
766,2003-01-23,10.5,10.78,10.4,10.47,348600
767,2003-01-24,10.47,10.5,10.09,10.44,280700
768,2003-01-27,10.44,10.44,9.91,10.05,338700
769,2003-01-28,10.2,10.49,10.18,10.25,706300
770,2003-01-29,10.05,10.75,9.9,10.51,399600
771,2003-01-30,10.55,10.55,10.04,10.23,405600
772,2003-01-31,10.13,10.49,10.06,10.33,202900
773,2003-02-03,10.43,10.49,10.18,10.3,215500
774,2003-02-04,10.2,10.3,9.9,10.04,289100
775,2003-02-05,10.09,10.18,9.9,10.05,269000
776,2003-02-06,10.09,10.2,9.85,9.99,205200
777,2003-02-07,10.15,10.2,9.59,9.59,228400
778,2003-02-10,9.55,9.89,9.3,9.85,394000
779,2003-02-11,9.85,10.01,9.7,10.0,192200
780,2003-02-12,9.85,9.97,9.3,9.31,225200
781,2003-02-13,9.31,9.46,8.94,9.22,287000
782,2003-02-14,9.32,9.35,8.95,8.95,250400
783,2003-02-18,9.1,9.33,9.1,9.28,337900
784,2003-02-19,9.3,9.39,9.21,9.3,140600
785,2003-02-20,9.33,9.35,8.99,9.13,181300
786,2003-02-21,9.18,9.41,9.05,9.36,152900
787,2003-02-24,8.5,9.15,8.0,8.91,418800
788,2003-02-25,8.9,8.91,8.29,8.29,510800
789,2003-02-26,8.35,8.42,8.26,8.41,465500
790,2003-02-27,8.41,8.75,8.3,8.58,518600
791,2003-02-28,8.68,8.77,8.56,8.63,842000
792,2003-03-03,8.65,8.74,8.55,8.6,487300
793,2003-03-04,8.58,8.7,8.49,8.49,314200
794,2003-03-05,8.6,8.96,8.56,8.7,350500
795,2003-03-06,8.62,9.16,8.6,8.85,666900
796,2003-03-07,8.8,9.65,8.8,9.2,526700
797,2003-03-10,9.17,9.17,8.69,8.89,351500
798,2003-03-11,9.05,9.35,8.82,8.93,403600
799,2003-03-12,8.93,9.35,8.93,9.3,604100
800,2003-03-13,9.4,9.69,9.21,9.38,317300
801,2003-03-14,9.58,9.74,9.16,9.3,302800
802,2003-03-17,9.2,9.71,9.04,9.64,300400
803,2003-03-18,9.9,10.01,9.65,9.92,280300
804,2003-03-19,9.82,10.0,9.7,9.72,255800
805,2003-03-20,9.8,10.04,9.5,9.95,278900
806,2003-03-21,10.05,10.36,9.8,10.36,710400
807,2003-03-24,10.3,10.3,9.55,9.7,585300
808,2003-03-25,9.71,9.88,9.46,9.73,406700
809,2003-03-26,9.63,9.73,9.5,9.58,159500
810,2003-03-27,9.48,9.67,9.4,9.56,737300
811,2003-03-28,9.5,9.79,9.4,9.74,382000
812,2003-03-31,9.64,9.8,9.14,9.62,323100
813,2003-04-01,9.62,9.76,9.4,9.72,189100
814,2003-04-02,9.73,10.18,9.68,9.86,1152700
815,2003-04-03,9.75,9.87,9.12,9.37,363600
816,2003-04-04,9.4,9.57,9.08,9.5,457800
817,2003-04-07,9.6,9.9,9.5,9.68,363000
818,2003-04-08,9.6,9.8,9.6,9.75,563500
819,2003-04-09,9.7,10.0,9.65,9.81,373400
820,2003-04-10,9.81,10.25,9.79,10.0,143800
821,2003-04-11,10.1,10.1,9.8,9.95,274700
822,2003-04-14,9.98,10.1,9.88,10.08,180700
823,2003-04-15,10.09,10.68,10.05,10.55,356600
824,2003-04-16,10.65,10.76,10.39,10.4,178500
825,2003-04-17,10.4,10.67,10.35,10.47,271100
826,2003-04-21,10.5,10.76,10.32,10.76,235400
827,2003-04-22,10.7,10.7,10.4,10.4,288500
828,2003-04-23,10.57,10.79,10.55,10.75,618100
829,2003-04-24,10.69,10.83,10.33,10.65,230400
830,2003-04-25,10.5,10.52,9.76,9.9,365300
831,2003-04-28,9.62,10.15,9.57,10.05,491500
832,2003-04-29,10.05,10.48,10.0,10.35,360300
833,2003-04-30,10.35,10.35,10.15,10.3,662400
834,2003-05-01,10.2,10.28,10.01,10.08,303600
835,2003-05-02,10.1,10.4,10.02,10.17,235500
836,2003-05-05,10.27,10.3,10.03,10.3,215200
837,2003-05-06,10.3,10.77,10.27,10.55,536600
838,2003-05-07,10.55,10.7,10.4,10.55,228100
839,2003-05-08,10.45,10.6,10.39,10.55,385600
840,2003-05-09,10.57,10.73,10.5,10.52,98800
841,2003-05-12,10.38,10.58,10.16,10.4,425100
842,2003-05-13,10.3,10.65,10.26,10.45,424300
843,2003-05-14,10.45,10.54,10.36,10.49,228200
844,2003-05-15,10.51,11.7,10.51,11.7,899400
845,2003-05-16,11.45,11.8,11.41,11.75,514200
846,2003-05-19,11.55,11.66,11.4,11.43,522700
847,2003-05-20,11.44,11.56,11.15,11.24,236200
848,2003-05-21,11.34,11.7,11.25,11.59,209600
849,2003-05-22,11.59,11.7,11.33,11.53,351200
850,2003-05-23,11.5,11.76,11.45,11.7,106200
851,2003-05-27,11.6,12.0,11.57,11.85,226100
852,2003-05-28,12.0,12.36,11.92,12.23,434200
853,2003-05-29,12.13,12.39,12.03,12.24,410800
854,2003-05-30,12.34,13.01,12.34,12.78,327900
855,2003-06-02,13.08,13.53,12.7,13.09,673900
856,2003-06-03,12.99,13.18,12.95,13.05,368200
857,2003-06-04,13.06,13.75,13.03,13.75,644800
858,2003-06-05,13.75,13.81,13.55,13.75,401700
859,2003-06-06,13.85,14.5,13.82,13.83,720100
860,2003-06-09,13.85,13.86,13.16,13.23,314000
861,2003-06-10,13.23,13.9,13.23,13.88,306800
862,2003-06-11,13.98,14.37,13.7,14.27,603200
863,2003-06-12,14.25,14.53,14.22,14.39,409800
864,2003-06-13,14.38,14.45,14.0,14.23,478600
865,2003-06-16,14.33,14.6,14.3,14.51,332500
866,2003-06-17,14.7,14.75,14.45,14.55,334800
867,2003-06-18,14.6,14.6,14.2,14.35,160800
868,2003-06-19,14.3,14.6,13.9,14.02,440500
869,2003-06-20,14.1,14.27,13.95,14.0,356200
870,2003-06-23,13.95,13.96,13.5,13.79,337400
871,2003-06-24,13.79,14.1,13.79,14.0,379300
872,2003-06-25,14.01,14.15,13.76,13.83,238400
873,2003-06-26,13.83,14.1,13.5,14.1,529100
874,2003-06-27,14.1,14.2,13.5,13.82,269200
875,2003-06-30,13.88,14.0,13.75,13.89,983000
876,2003-07-01,13.95,14.51,13.88,14.15,860100
877,2003-07-02,14.15,14.2,14.05,14.08,490600
878,2003-07-03,14.0,14.36,13.95,14.03,162300
879,2003-07-07,14.13,14.72,14.13,14.49,346500
880,2003-07-08,14.39,15.08,14.39,14.97,222700
881,2003-07-09,14.82,15.1,14.61,15.02,304300
882,2003-07-10,14.92,14.95,14.25,14.49,194400
883,2003-07-11,14.49,15.19,14.49,15.06,158200
884,2003-07-14,15.14,15.69,15.14,15.51,369000
885,2003-07-15,15.61,15.82,15.3,15.44,283100
886,2003-07-16,15.5,15.5,15.0,15.2,190100
887,2003-07-17,15.16,15.33,14.42,14.42,265100
888,2003-07-18,14.52,14.95,14.51,14.8,210500
889,2003-07-21,14.7,14.78,14.05,14.31,247200
890,2003-07-22,14.35,15.15,14.3,15.0,244500
891,2003-07-23,15.0,15.05,14.55,14.77,200500
892,2003-07-24,14.78,14.78,13.0,13.6,1063600
893,2003-07-25,13.7,13.89,13.3,13.84,348000
894,2003-07-28,13.84,14.34,13.81,14.09,229000
895,2003-07-29,14.1,14.25,13.39,13.74,332700
896,2003-07-30,13.74,13.9,13.45,13.83,239600
897,2003-07-31,13.93,14.57,13.75,14.5,377900
898,2003-08-01,14.4,14.7,14.37,14.51,358000
899,2003-08-04,14.41,14.49,13.7,14.07,248600
900,2003-08-05,14.17,14.25,13.6,13.62,275500
901,2003-08-06,13.62,14.01,13.32,13.73,167800
902,2003-08-07,13.77,13.77,13.25,13.51,242500
903,2003-08-08,13.52,14.08,13.52,13.95,159000
904,2003-08-11,14.05,14.68,14.05,14.46,218200
905,2003-08-12,14.56,14.86,14.15,14.8,255300
906,2003-08-13,14.9,14.9,14.54,14.6,284300
907,2003-08-14,14.68,14.68,14.36,14.4,208000
908,2003-08-15,14.5,15.2,14.45,15.2,239700
909,2003-08-18,15.2,15.36,15.03,15.35,610500
910,2003-08-19,15.35,16.08,15.34,15.95,457500
911,2003-08-20,16.0,16.709999,15.75,16.450001,498300
912,2003-08-21,16.450001,17.4,16.4,16.950001,525900
913,2003-08-22,17.0,17.35,16.440001,16.6,359200
914,2003-08-25,16.5,16.549999,15.9,15.98,484400
915,2003-08-26,15.98,16.18,15.41,15.9,476400
916,2003-08-27,15.94,16.110001,15.8,16.040001,252300
917,2003-08-28,16.040001,16.360001,15.86,16.209999,337400
918,2003-08-29,16.209999,17.15,16.209999,16.879999,269400
919,2003-09-02,16.950001,17.1,16.6,17.0,280200
920,2003-09-03,17.200001,17.459999,17.01,17.01,253800
921,2003-09-04,17.16,17.299999,16.85,17.24,573100
922,2003-09-05,17.190001,17.5,17.1,17.35,336800
923,2003-09-08,17.360001,18.0,17.360001,17.860001,349800
924,2003-09-09,17.66,18.24,17.610001,18.219999,419900
925,2003-09-10,18.200001,18.200001,17.389999,17.58,710600
926,2003-09-11,17.83,18.049999,17.709999,17.799999,418500
927,2003-09-12,17.700001,18.120001,17.5,17.91,315500
928,2003-09-15,18.0,18.0,17.540001,17.58,306300
929,2003-09-16,17.799999,18.049999,17.6,17.870001,584900
930,2003-09-17,17.870001,17.870001,17.01,17.110001,700300
931,2003-09-18,17.200001,18.15,17.129999,18.09,482400
932,2003-09-19,18.26,18.59,18.1,18.58,381600
933,2003-09-22,18.48,18.5,17.99,18.0,323600
934,2003-09-23,17.85,18.1,17.76,17.870001,285600
935,2003-09-24,18.07,18.09,17.4,17.43,238700
936,2003-09-25,17.6,17.6,16.690001,16.799999,322300
937,2003-09-26,16.73,16.74,16.08,16.120001,424800
938,2003-09-29,16.32,16.450001,16.1,16.299999,451200
939,2003-09-30,16.049999,16.34,15.9,16.09,347300
940,2003-10-01,16.09,16.65,16.09,16.540001,476500
941,2003-10-02,16.639999,16.65,16.299999,16.4,376800
942,2003-10-03,16.75,17.0,16.709999,16.790001,540600
943,2003-10-06,16.75,17.139999,16.700001,17.1,248600
944,2003-10-07,17.1,17.200001,16.799999,16.940001,294400
945,2003-10-08,16.940001,17.0,16.639999,16.639999,381200
946,2003-10-09,16.65,16.77,16.299999,16.66,505300
947,2003-10-10,16.84,17.049999,16.6,17.0,176000
948,2003-10-13,17.200001,17.469999,17.0,17.15,161000
949,2003-10-14,17.200001,17.450001,17.200001,17.200001,236400
950,2003-10-15,17.23,17.23,16.58,16.610001,333000
951,2003-10-16,16.610001,16.940001,16.610001,16.75,362700
952,2003-10-17,16.85,16.959999,16.48,16.84,418900
953,2003-10-20,16.809999,16.889999,16.309999,16.450001,437600
954,2003-10-21,16.5,16.639999,16.309999,16.559999,898900
955,2003-10-22,16.440001,16.440001,15.62,15.67,696800
956,2003-10-23,15.87,16.889999,15.69,16.6,981300
957,2003-10-24,16.5,16.870001,16.299999,16.65,436900
958,2003-10-27,16.700001,17.299999,16.68,17.23,608200
959,2003-10-28,17.23,17.23,16.5,17.049999,4132500
960,2003-10-29,17.049999,17.15,16.959999,17.030001,1162100
961,2003-10-30,17.16,17.34,17.040001,17.26,1322800
962,2003-10-31,17.26,17.469999,17.16,17.42,611700
963,2003-11-03,17.450001,18.049999,17.450001,17.85,949300
964,2003-11-04,17.84,18.34,17.799999,17.98,670300
965,2003-11-05,17.83,18.16,17.83,18.110001,293800
966,2003-11-06,18.02,18.35,18.0,18.34,745300
967,2003-11-07,18.33,18.559999,18.33,18.51,417100
968,2003-11-10,18.5,18.6,18.0,18.01,479700
969,2003-11-11,18.0,18.120001,17.73,17.75,589900
970,2003-11-12,17.65,18.360001,17.65,18.26,391100
971,2003-11-13,18.26,18.57,18.08,18.559999,360000
972,2003-11-14,18.51,18.620001,18.07,18.139999,430400
973,2003-11-17,17.9,18.1,17.799999,18.08,511600
974,2003-11-18,18.0,18.27,17.9,17.9,330900
975,2003-11-19,17.9,17.99,17.799999,17.9,567700
976,2003-11-20,17.700001,17.85,17.41,17.450001,626500
977,2003-11-21,17.6,17.879999,17.58,17.629999,423000
978,2003-11-24,17.65,18.120001,17.65,18.0,560200
979,2003-11-25,18.049999,18.719999,18.0,18.700001,937600
980,2003-11-26,18.75,18.83,18.450001,18.719999,639900
981,2003-11-28,18.6,18.709999,18.52,18.52,83400
982,2003-12-01,18.530001,18.950001,18.530001,18.91,601500
983,2003-12-02,18.98,19.120001,18.790001,19.0,698700
984,2003-12-03,19.25,19.530001,18.67,18.780001,709400
985,2003-12-04,18.780001,19.059999,18.469999,18.959999,560900
986,2003-12-05,18.76,18.950001,18.6,18.73,389600
987,2003-12-08,18.530001,18.969999,18.530001,18.969999,379100
988,2003-12-09,18.950001,19.040001,18.24,18.280001,510100
989,2003-12-10,18.459999,18.67,18.190001,18.52,316700
990,2003-12-11,18.42,19.09,18.42,19.09,356200
991,2003-12-12,19.030001,19.110001,18.860001,19.059999,447300
992,2003-12-15,19.200001,19.200001,18.4,18.41,442500
993,2003-12-16,18.51,18.77,18.26,18.719999,421000
994,2003-12-17,18.73,18.83,18.5,18.790001,223000
995,2003-12-18,18.889999,19.1,18.799999,19.07,257200
996,2003-12-19,19.02,19.299999,18.709999,19.299999,424300
997,2003-12-22,19.25,19.5,19.219999,19.49,589300
998,2003-12-23,19.5,19.57,19.25,19.459999,460300
999,2003-12-24,19.360001,19.49,19.309999,19.41,81300
1000,2003-12-26,19.41,19.549999,19.309999,19.469999,59500
1001,2003-12-29,19.49,19.74,19.389999,19.74,237000
1002,2003-12-30,19.639999,19.85,19.530001,19.85,134500
1003,2003-12-31,19.75,19.85,19.26,19.26,243700
1004,2004-01-02,19.360001,19.98,19.299999,19.959999,190200
1005,2004-01-05,20.0,20.200001,19.639999,19.799999,301800
1006,2004-01-06,19.9,20.24,19.77,20.040001,566100
1007,2004-01-07,20.040001,20.26,19.959999,20.24,178100
1008,2004-01-08,20.190001,20.75,20.190001,20.6,1952200
1009,2004-01-09,20.450001,20.6,20.190001,20.25,361700
1010,2004-01-12,20.299999,20.43,20.049999,20.42,362400
1011,2004-01-13,20.52,20.52,20.200001,20.51,302300
1012,2004-01-14,20.6,20.809999,20.549999,20.780001,271300
1013,2004-01-15,20.68,20.799999,20.4,20.610001,360100
1014,2004-01-16,20.860001,20.969999,20.629999,20.790001,270500
1015,2004-01-20,20.98,21.049999,20.77,20.98,474400
1016,2004-01-21,21.0,22.99,20.799999,22.639999,1360200
1017,2004-01-22,22.639999,22.84,22.24,22.809999,1048900
1018,2004-01-23,22.76,23.059999,22.700001,23.0,565900
1019,2004-01-26,23.0,23.290001,22.690001,23.200001,547400
1020,2004-01-27,23.200001,23.35,22.950001,23.17,1332800
1021,2004-01-28,23.17,23.24,22.879999,22.969999,941900
1022,2004-01-29,22.92,22.93,22.01,22.139999,687500
1023,2004-01-30,22.129999,22.41,21.76,22.4,498700
1024,2004-02-02,22.4,22.68,22.209999,22.41,307700
1025,2004-02-03,22.309999,22.43,20.85,21.200001,889800
1026,2004-02-04,21.049999,21.209999,20.700001,20.860001,399600
1027,2004-02-05,21.059999,21.48,20.98,21.299999,456100
1028,2004-02-06,21.4,21.98,21.370001,21.82,212000
1029,2004-02-09,21.85,22.15,21.790001,22.1,263200
1030,2004-02-10,22.0,22.1,21.5,21.780001,582100
1031,2004-02-11,21.700001,21.959999,21.559999,21.950001,314100
1032,2004-02-12,21.9,22.139999,21.719999,21.98,295900
1033,2004-02-13,21.99,22.23,21.120001,21.48,291000
1034,2004-02-17,21.6,22.370001,21.6,22.25,267200
1035,2004-02-18,22.299999,22.370001,21.9,22.0,167500
1036,2004-02-19,22.08,22.200001,21.290001,21.6,668800
1037,2004-02-20,21.6,21.629999,20.99,21.290001,271300
1038,2004-02-23,21.4,21.4,20.6,20.629999,349500
1039,2004-02-24,20.48,20.5,19.9,20.059999,912700
1040,2004-02-25,19.25,19.549999,15.76,16.379999,6198400
1041,2004-02-26,16.379999,18.059999,16.25,17.4,2235700
1042,2004-02-27,17.4,17.67,17.0,17.540001,880800
1043,2004-03-01,17.540001,17.879999,17.540001,17.700001,516500
1044,2004-03-02,17.48,17.65,17.1,17.200001,534500
1045,2004-03-03,17.23,17.23,16.709999,17.17,708800
1046,2004-03-04,16.92,17.01,16.629999,16.709999,1057900
1047,2004-03-05,16.610001,17.049999,16.559999,17.0,721100
1048,2004-03-08,17.01,17.33,16.879999,16.92,398400
1049,2004-03-09,16.92,17.07,16.65,17.059999,1166500
1050,2004-03-10,17.1,17.440001,16.9,17.0,1475200
1051,2004-03-11,16.969999,17.18,16.799999,16.860001,664400
1052,2004-03-12,16.870001,17.360001,16.83,17.360001,521700
1053,2004-03-15,17.200001,17.360001,16.950001,17.030001,483000
1054,2004-03-16,17.040001,17.32,17.0,17.0,570100
1055,2004-03-17,17.02,17.42,17.02,17.389999,459000
1056,2004-03-18,17.35,17.540001,17.209999,17.5,724000
1057,2004-03-19,17.5,17.59,17.23,17.34,371900
1058,2004-03-22,17.34,17.34,16.58,16.629999,514700
1059,2004-03-23,16.83,17.040001,16.719999,16.82,421000
1060,2004-03-24,16.790001,17.0,16.65,16.76,503200
1061,2004-03-25,16.85,17.32,16.85,17.26,378000
1062,2004-03-26,17.120001,17.33,17.030001,17.139999,546500
1063,2004-03-29,17.15,17.52,17.1,17.309999,622100
1064,2004-03-30,17.309999,17.82,17.290001,17.780001,356200
1065,2004-03-31,17.75,17.91,17.51,17.77,316000
1066,2004-04-01,17.719999,18.48,17.68,18.200001,571600
1067,2004-04-02,18.450001,19.24,18.450001,19.02,759600
1068,2004-04-05,18.02,18.25,17.719999,17.959999,786800
1069,2004-04-06,17.969999,18.16,17.67,17.709999,571600
1070,2004-04-07,17.860001,17.91,17.51,17.73,360200
1071,2004-04-08,17.98,17.98,17.219999,17.290001,445400
1072,2004-04-12,17.290001,17.75,17.280001,17.66,751800
1073,2004-04-13,17.809999,17.85,17.26,17.32,290400
1074,2004-04-14,17.32,17.389999,16.99,17.110001,406300
1075,2004-04-15,17.25,17.389999,16.73,16.98,418300
1076,2004-04-16,16.98,17.299999,16.709999,17.200001,589000
1077,2004-04-19,17.200001,17.200001,16.75,16.85,803900
1078,2004-04-20,16.950001,17.15,16.76,16.76,715200
1079,2004-04-21,16.9,16.91,16.450001,16.85,708500
1080,2004-04-22,17.1,19.940001,17.1,19.870001,2276800
1081,2004-04-23,19.57,19.66,19.049999,19.27,1053400
1082,2004-04-26,19.280001,19.34,18.73,18.950001,1091700
1083,2004-04-27,18.950001,18.959999,18.32,18.6,1082500
1084,2004-04-28,18.57,18.57,18.0,18.1,502800
1085,2004-04-29,18.1,18.299999,17.16,17.75,1580400
1086,2004-04-30,17.75,17.75,17.190001,17.200001,855900
1087,2004-05-03,17.200001,17.93,17.120001,17.74,912100
1088,2004-05-04,17.719999,18.27,17.24,17.9,731300
1089,2004-05-05,17.91,18.120001,17.68,18.02,740500
1090,2004-05-06,17.799999,18.0,17.35,17.809999,498000
1091,2004-05-07,17.709999,17.790001,17.059999,17.299999,725400
1092,2004-05-10,17.23,17.299999,16.75,17.0,640100
1093,2004-05-11,16.99,17.200001,16.709999,17.0,818400
1094,2004-05-12,16.889999,16.889999,16.09,16.709999,1084100
1095,2004-05-13,16.5,16.639999,16.25,16.48,585400
1096,2004-05-14,16.5,16.6,16.08,16.08,646500
1097,2004-05-17,15.96,16.370001,15.73,16.030001,496100
1098,2004-05-18,16.030001,16.15,15.7,16.049999,649100
1099,2004-05-19,16.35,16.639999,16.049999,16.18,577000
1100,2004-05-20,16.16,16.280001,15.62,16.01,519700
1101,2004-05-21,16.1,16.309999,15.84,15.89,367200
1102,2004-05-24,16.049999,16.379999,15.9,16.27,526900
1103,2004-05-25,16.200001,16.51,16.030001,16.4,530200
1104,2004-05-26,16.4,16.6,16.15,16.59,196300
1105,2004-05-27,16.58,17.09,16.5,17.030001,633200
1106,2004-05-28,16.91,17.1,16.700001,17.1,330900
1107,2004-06-01,16.870001,17.190001,16.799999,17.15,415100
1108,2004-06-02,17.4,17.5,17.049999,17.08,397900
1109,2004-06-03,17.08,17.08,16.6,16.6,255100
1110,2004-06-04,16.879999,17.16,16.620001,16.85,291100
1111,2004-06-07,17.030001,17.08,16.77,17.07,374200
1112,2004-06-08,17.09,17.549999,17.0,17.389999,306900
1113,2004-06-09,17.389999,17.42,16.43,16.49,776900
1114,2004-06-10,16.690001,17.02,16.549999,16.99,747800
1115,2004-06-14,16.889999,16.940001,16.68,16.790001,544200
1116,2004-06-15,16.889999,17.1,16.67,16.879999,525000
1117,2004-06-16,17.08,17.15,16.700001,16.75,489300
1118,2004-06-17,16.92,17.09,16.6,16.98,316000
1119,2004-06-18,16.98,17.09,16.77,16.92,360800
1120,2004-06-21,16.92,17.200001,16.76,17.120001,448000
1121,2004-06-22,17.219999,17.32,16.99,17.16,417800
1122,2004-06-23,17.200001,17.370001,16.92,17.299999,248900
1123,2004-06-24,17.5,17.5,17.049999,17.15,627800
1124,2004-06-25,17.25,17.700001,17.17,17.700001,964900
1125,2004-06-28,17.68,17.98,17.5,17.790001,591200
1126,2004-06-29,17.879999,18.15,17.790001,18.0,398100
1127,2004-06-30,17.98,18.030001,17.74,17.889999,487600
1128,2004-07-01,17.99,18.049999,17.559999,17.620001,350600
1129,2004-07-02,17.629999,17.629999,17.209999,17.530001,323200
1130,2004-07-06,17.5,17.5,17.129999,17.200001,215100
1131,2004-07-07,17.120001,17.59,17.120001,17.51,400000
1132,2004-07-08,17.35,17.84,17.35,17.68,906200
1133,2004-07-09,17.799999,17.879999,17.610001,17.629999,457500
1134,2004-07-12,17.639999,18.17,17.540001,18.049999,508900
1135,2004-07-13,18.049999,18.389999,17.959999,18.17,715600
1136,2004-07-14,18.17,18.17,17.92,18.129999,466400
1137,2004-07-15,18.1,18.120001,17.85,18.0,390500
1138,2004-07-16,18.049999,18.16,17.9,17.940001,284100
1139,2004-07-19,18.0,18.0,17.610001,17.719999,511100
1140,2004-07-20,17.870001,19.0,17.84,18.99,1083400
1141,2004-07-21,20.0,20.540001,19.059999,19.450001,2855500
1142,2004-07-22,19.51,19.84,19.5,19.719999,1095300
1143,2004-07-23,19.67,19.719999,19.32,19.33,660800
1144,2004-07-26,19.43,19.73,19.280001,19.540001,595400
1145,2004-07-27,19.559999,19.9,19.4,19.74,658000
1146,2004-07-28,19.780001,19.780001,19.129999,19.639999,608500
1147,2004-07-29,19.67,19.969999,19.559999,19.92,731500
1148,2004-07-30,19.92,19.940001,19.75,19.84,398600
1149,2004-08-02,19.440001,20.0,19.309999,20.0,561100
1150,2004-08-03,20.0,20.219999,19.9,20.0,482800
1151,2004-08-04,19.75,20.1,19.360001,19.799999,471000
1152,2004-08-05,19.74,19.74,19.34,19.34,303300
1153,2004-08-06,19.25,19.25,18.809999,19.040001,493600
1154,2004-08-09,18.99,19.110001,18.75,18.93,229900
1155,2004-08-10,19.1,19.34,19.049999,19.200001,263200
1156,2004-08-11,19.200001,19.379999,18.799999,19.25,217500
1157,2004-08-12,19.049999,19.1,18.75,18.85,272600
1158,2004-08-13,18.82,18.950001,18.6,18.700001,287600
1159,2004-08-16,18.73,19.299999,18.709999,19.299999,353500
1160,2004-08-17,19.549999,19.629999,19.26,19.26,335100
1161,2004-08-18,19.17,19.950001,19.049999,19.889999,401600
1162,2004-08-19,19.700001,19.82,19.27,19.51,481700
1163,2004-08-20,19.610001,20.24,19.610001,20.18,497600
1164,2004-08-23,20.190001,20.35,19.76,19.950001,396700
1165,2004-08-24,20.1,20.25,19.83,20.02,399300
1166,2004-08-25,20.02,20.219999,19.93,20.07,313400
1167,2004-08-26,20.17,20.49,20.09,20.4,471700
1168,2004-08-27,20.469999,20.5,20.26,20.389999,209800
1169,2004-08-30,20.299999,20.299999,15.9,16.0,7740600
1170,2004-08-31,15.95,16.25,13.95,14.69,6128400
1171,2004-09-01,15.0,15.5,14.38,14.51,2417400
1172,2004-09-02,14.52,14.84,14.41,14.67,1965900
1173,2004-09-03,14.57,15.26,14.57,15.03,912800
1174,2004-09-07,15.07,15.35,14.86,14.95,796200
1175,2004-09-08,14.97,15.42,14.95,15.2,978600
1176,2004-09-09,15.2,15.22,14.95,15.11,829100
1177,2004-09-10,15.15,15.25,14.87,15.16,411200
1178,2004-09-13,15.23,15.31,15.09,15.28,462400
1179,2004-09-14,15.31,15.34,15.01,15.25,478900
1180,2004-09-15,15.3,15.63,15.3,15.6,783000
1181,2004-09-16,15.45,15.94,15.45,15.9,648200
1182,2004-09-17,16.0,16.049999,15.54,15.61,463100
1183,2004-09-20,15.6,15.82,15.6,15.73,315600
1184,2004-09-21,15.85,16.299999,15.81,16.17,569500
1185,2004-09-22,16.1,16.1,15.72,15.9,469500
1186,2004-09-23,15.91,16.139999,15.75,16.02,299900
1187,2004-09-24,16.059999,16.25,15.92,16.1,317500
1188,2004-09-27,16.0,16.0,15.74,15.74,363700
1189,2004-09-28,15.66,15.9,14.22,14.3,2803300
1190,2004-09-29,14.4,15.6,14.3,15.4,1546800
1191,2004-09-30,15.44,16.0,15.33,15.89,1045800
1192,2004-10-01,15.89,15.99,15.09,15.2,1325600
1193,2004-10-04,15.5,15.9,15.09,15.87,1423200
1194,2004-10-05,15.8,16.25,15.67,16.17,698300
1195,2004-10-06,16.1,16.299999,15.81,16.299999,332600
1196,2004-10-07,16.15,16.33,15.9,16.200001,747500
1197,2004-10-08,16.1,16.110001,15.85,15.88,270700
1198,2004-10-11,15.88,15.88,15.57,15.65,311800
1199,2004-10-12,15.65,15.69,15.37,15.6,294700
1200,2004-10-13,15.66,15.73,15.31,15.58,268000
1201,2004-10-14,15.54,15.75,15.32,15.44,268300
1202,2004-10-15,15.45,15.88,15.33,15.69,250900
1203,2004-10-18,15.59,16.15,15.37,16.15,517400
1204,2004-10-19,16.15,16.25,15.52,15.52,291300
1205,2004-10-20,15.5,16.09,15.4,15.96,417400
1206,2004-10-21,15.9,16.049999,15.68,15.83,351500
1207,2004-10-22,15.92,16.040001,15.51,15.62,323300
1208,2004-10-25,15.48,15.84,15.23,15.47,489400
1209,2004-10-26,15.6,15.95,15.25,15.85,422300
1210,2004-10-27,15.8,15.9,15.66,15.86,329500
1211,2004-10-28,15.8,15.87,15.42,15.61,360800
1212,2004-10-29,15.5,15.68,15.34,15.45,281900
1213,2004-11-01,15.51,15.85,15.31,15.85,387800
1214,2004-11-02,16.0,16.09,15.6,15.7,455900
1215,2004-11-03,15.85,16.459999,15.7,16.4,554100
1216,2004-11-04,16.299999,16.57,16.15,16.540001,392700
1217,2004-11-05,16.700001,16.76,16.549999,16.67,367600
1218,2004-11-08,16.57,16.92,16.57,16.83,430100
1219,2004-11-09,16.9,16.9,16.57,16.799999,219800
1220,2004-11-10,16.799999,16.85,16.5,16.700001,354600
1221,2004-11-11,16.68,16.790001,16.25,16.58,816200
1222,2004-11-12,16.58,16.58,16.370001,16.5,760700
1223,2004-11-15,16.51,16.969999,16.469999,16.870001,436400
1224,2004-11-16,16.77,17.1,16.65,16.93,229300
1225,2004-11-17,17.110001,17.379999,16.99,16.99,334400
1226,2004-11-18,17.0,17.17,16.65,17.1,198700
1227,2004-11-19,17.110001,17.110001,16.51,16.6,254500
1228,2004-11-22,16.700001,16.959999,16.52,16.940001,314600
1229,2004-11-23,17.040001,17.43,16.9,17.42,401700
1230,2004-11-24,17.42,18.219999,17.4,18.190001,705200
1231,2004-11-26,18.27,18.27,17.870001,17.879999,175200
1232,2004-11-29,18.1,18.1,17.59,17.620001,422700
1233,2004-11-30,17.719999,18.07,17.43,17.870001,494200
1234,2004-12-01,17.870001,18.379999,17.860001,18.219999,345800
1235,2004-12-02,18.219999,18.27,18.0,18.120001,293400
1236,2004-12-03,18.25,18.4,18.1,18.139999,288800
1237,2004-12-06,18.08,18.15,17.709999,17.75,447500
1238,2004-12-07,17.9,17.950001,17.549999,17.68,473400
1239,2004-12-08,17.77,18.34,17.700001,18.0,498400
1240,2004-12-09,18.01,18.17,17.549999,17.809999,468800
1241,2004-12-10,17.75,18.32,17.549999,18.25,316200
1242,2004-12-13,18.25,18.25,17.969999,18.08,715200
1243,2004-12-14,18.110001,18.59,18.030001,18.5,386000
1244,2004-12-15,18.5,18.52,18.16,18.43,265700
1245,2004-12-16,18.51,18.719999,18.360001,18.43,244600
1246,2004-12-17,18.33,18.4,17.98,18.1,347400
1247,2004-12-20,18.1,18.26,17.85,18.030001,255800
1248,2004-12-21,18.23,18.65,18.23,18.610001,235500
1249,2004-12-22,18.620001,18.99,18.620001,18.700001,195500
1250,2004-12-23,18.75,19.15,18.709999,18.9,312900
1251,2004-12-27,19.0,19.139999,18.620001,18.780001,203200
1252,2004-12-28,18.82,18.950001,18.68,18.85,388100
1253,2004-12-29,18.85,19.040001,18.75,18.959999,147900
1254,2004-12-30,19.0,19.1,18.73,18.870001,86300
1255,2004-12-31,18.889999,19.16,18.84,18.9,337500
1256,2005-01-03,18.98,19.379999,18.85,19.0,365300
1257,2005-01-04,19.120001,19.129999,18.41,18.6,410000
1258,2005-01-05,18.610001,18.610001,18.15,18.219999,484600
1259,2005-01-06,18.25,18.549999,18.25,18.35,277400
1260,2005-01-07,18.4,18.4,18.02,18.030001,213400
1261,2005-01-10,17.9,18.25,17.799999,18.02,325900
1262,2005-01-11,17.9,17.950001,17.620001,17.66,432500
1263,2005-01-12,17.66,17.68,17.049999,17.41,686800
1264,2005-01-13,17.389999,17.5,17.030001,17.07,375600
1265,2005-01-14,17.15,17.48,17.030001,17.299999,244200
1266,2005-01-18,17.309999,17.75,17.26,17.59,237300
1267,2005-01-19,17.68,18.059999,17.200001,17.309999,557000
1268,2005-01-20,17.25,17.370001,16.83,16.950001,348500
1269,2005-01-21,17.049999,17.08,16.530001,16.57,469100
1270,2005-01-24,16.5,16.610001,16.15,16.23,422900
1271,2005-01-25,16.4,16.639999,16.16,16.52,816100
1272,2005-01-26,16.67,16.719999,16.17,16.27,273900
1273,2005-01-27,16.27,16.4,16.139999,16.219999,417700
1274,2005-01-28,16.32,16.68,16.26,16.629999,292900
1275,2005-01-31,16.73,17.16,16.73,17.01,356600
1276,2005-02-01,17.049999,17.200001,16.85,17.030001,235100
1277,2005-02-02,17.209999,17.26,17.040001,17.209999,139700
1278,2005-02-03,17.219999,17.23,16.9,17.049999,218900
1279,2005-02-04,17.0,17.65,16.889999,17.629999,458700
1280,2005-02-07,17.639999,18.23,17.610001,18.15,811600
1281,2005-02-08,18.200001,18.49,18.1,18.299999,736700
1282,2005-02-09,18.35,18.4,17.870001,17.92,543000
1283,2005-02-10,17.959999,18.1,17.5,17.860001,434300
1284,2005-02-11,17.860001,18.049999,17.6,17.9,363200
1285,2005-02-14,17.85,17.870001,17.629999,17.75,404600
1286,2005-02-15,17.75,17.82,17.51,17.620001,434300
1287,2005-02-16,17.620001,17.879999,17.35,17.77,345900
1288,2005-02-17,17.780001,17.879999,17.42,17.459999,290200
1289,2005-02-18,17.48,17.68,17.48,17.639999,661700
1290,2005-02-22,17.639999,17.700001,17.309999,17.51,300700
1291,2005-02-23,17.610001,17.83,17.540001,17.629999,372500
1292,2005-02-24,17.639999,17.700001,17.43,17.68,403800
1293,2005-02-25,17.66,19.0,17.66,19.0,1232100
1294,2005-02-28,19.0,19.280001,18.73,18.92,1141600
1295,2005-03-01,18.98,19.780001,18.879999,19.76,674100
1296,2005-03-02,19.67,19.99,19.43,19.93,534900
1297,2005-03-03,19.93,19.969999,19.610001,19.879999,511200
1298,2005-03-04,19.950001,20.110001,19.85,20.030001,439200
1299,2005-03-07,20.030001,20.23,19.940001,19.99,578200
1300,2005-03-08,20.0,20.0,19.75,19.83,375300
1301,2005-03-09,20.5,20.9,20.17,20.42,1860500
1302,2005-03-10,20.43,20.889999,20.4,20.690001,887400
1303,2005-03-11,20.879999,21.16,20.219999,20.48,817900
1304,2005-03-14,20.49,21.549999,20.049999,21.549999,1609800
1305,2005-03-15,21.559999,21.870001,21.059999,21.26,877700
1306,2005-03-16,21.26,21.549999,21.15,21.299999,933500
1307,2005-03-17,21.299999,21.299999,20.889999,21.08,637800
1308,2005-03-18,21.0,21.1,20.75,20.950001,869300
1309,2005-03-21,21.01,21.129999,20.690001,20.75,522100
1310,2005-03-22,20.76,20.98,20.700001,20.84,707600
1311,2005-03-23,20.85,20.9,20.639999,20.75,245400
1312,2005-03-24,20.790001,20.85,20.6,20.6,304600
1313,2005-03-28,20.67,20.790001,20.6,20.75,502800
1314,2005-03-29,20.76,20.950001,20.6,20.620001,612500
1315,2005-03-30,20.65,20.73,20.190001,20.469999,627200
1316,2005-03-31,20.52,20.52,20.1,20.209999,892700
1317,2005-04-01,20.33,20.57,19.52,19.860001,1292500
1318,2005-04-04,19.879999,20.129999,19.629999,20.0,797500
1319,2005-04-05,19.959999,20.120001,19.83,19.9,383700
1320,2005-04-06,19.98,20.040001,19.84,19.870001,699800
1321,2005-04-07,19.889999,19.99,19.75,19.9,300400
1322,2005-04-08,19.950001,19.99,19.719999,19.82,385000
1323,2005-04-11,19.790001,19.84,19.450001,19.700001,554500
1324,2005-04-12,19.700001,19.92,19.360001,19.82,602600
1325,2005-04-13,19.870001,19.98,19.700001,19.73,755700
1326,2005-04-14,19.73,19.73,18.52,18.6,1051400
1327,2005-04-15,18.6,18.860001,18.25,18.299999,506800
1328,2005-04-18,18.299999,18.5,18.139999,18.200001,468300
1329,2005-04-19,18.26,18.65,18.139999,18.59,449300
1330,2005-04-20,18.540001,18.959999,18.129999,18.129999,458700
1331,2005-04-21,18.379999,18.59,18.16,18.57,568900
1332,2005-04-22,18.6,18.85,18.059999,18.25,1362600
1333,2005-04-25,18.32,18.67,18.27,18.620001,341300
1334,2005-04-26,18.620001,18.98,18.4,18.799999,478200
1335,2005-04-27,18.75,18.860001,18.4,18.620001,521600
1336,2005-04-28,18.6,18.75,18.469999,18.469999,635100
1337,2005-04-29,18.51,18.73,18.17,18.389999,538400
1338,2005-05-02,18.5,19.17,18.5,18.879999,575100
1339,2005-05-03,18.809999,19.030001,18.6,18.66,535000
1340,2005-05-04,19.1,19.23,17.120001,18.0,1714800
1341,2005-05-05,17.950001,18.16,17.5,17.709999,658100
1342,2005-05-06,17.799999,17.959999,17.549999,17.82,988700
1343,2005-05-09,17.870001,18.290001,17.74,18.23,1000300
1344,2005-05-10,18.190001,18.49,17.77,18.299999,581700
1345,2005-05-11,18.299999,18.309999,17.83,18.27,422200
1346,2005-05-12,18.280001,18.379999,17.959999,18.0,702700
1347,2005-05-13,18.040001,18.139999,17.629999,17.83,464500
1348,2005-05-16,17.77,18.25,17.77,18.190001,331200
1349,2005-05-17,18.09,18.280001,17.809999,18.25,1262000
1350,2005-05-18,18.35,19.049999,18.35,18.950001,600100
1351,2005-05-19,18.959999,18.969999,18.74,18.83,257700
1352,2005-05-20,18.85,18.889999,18.549999,18.889999,293800
1353,2005-05-23,18.91,19.1,18.84,18.959999,340400
1354,2005-05-24,18.92,19.049999,18.77,18.93,155600
1355,2005-05-25,18.82,18.99,18.450001,18.48,415400
1356,2005-05-26,18.5,18.75,18.459999,18.6,482600
1357,2005-05-27,18.6,19.6,18.51,19.32,713800
1358,2005-05-31,19.4,20.209999,19.25,20.08,720100
1359,2005-06-01,20.129999,20.129999,19.6,19.709999,658800
1360,2005-06-02,19.5,20.07,19.450001,19.9,435800
1361,2005-06-03,19.9,19.9,19.610001,19.809999,331100
1362,2005-06-06,19.5,19.57,19.25,19.379999,675400
1363,2005-06-07,19.450001,20.110001,19.450001,19.879999,490600
1364,2005-06-08,19.98,20.08,19.82,19.92,529900
1365,2005-06-09,19.940001,19.950001,19.49,19.690001,402800
1366,2005-06-10,19.690001,19.889999,19.5,19.77,480200
1367,2005-06-13,19.77,20.5,19.620001,20.5,1313900
1368,2005-06-14,20.450001,21.07,20.4,21.049999,532000
1369,2005-06-15,21.139999,21.200001,20.700001,21.15,520100
1370,2005-06-16,21.200001,21.200001,21.049999,21.1,1086800
1371,2005-06-17,21.18,21.370001,21.049999,21.23,1153300
1372,2005-06-20,21.120001,21.25,21.0,21.049999,579000
1373,2005-06-21,21.110001,21.23,20.65,20.66,947900
1374,2005-06-22,20.690001,20.780001,20.299999,20.5,548700
1375,2005-06-23,20.51,20.6,20.059999,20.129999,696500
1376,2005-06-24,20.209999,20.35,19.809999,19.940001,1566300
1377,2005-06-27,19.940001,20.26,19.85,19.940001,511600
1378,2005-06-28,20.190001,20.41,20.0,20.35,475200
1379,2005-06-29,20.5,20.549999,20.24,20.299999,530300
1380,2005-06-30,20.4,20.469999,20.17,20.209999,737800
1381,2005-07-01,20.389999,20.49,20.1,20.1,502800
1382,2005-07-05,20.110001,20.299999,20.09,20.24,767700
1383,2005-07-06,20.32,20.33,20.040001,20.110001,353000
1384,2005-07-07,20.030001,20.18,19.6,19.98,334100
1385,2005-07-08,19.940001,20.209999,19.85,20.059999,636000
1386,2005-07-11,20.1,20.35,20.1,20.26,656600
1387,2005-07-12,20.24,20.34,19.99,20.25,613700
1388,2005-07-13,20.290001,20.4,20.209999,20.209999,421700
1389,2005-07-14,19.299999,19.549999,16.459999,17.299999,6913600
1390,2005-07-15,17.299999,17.91,17.299999,17.540001,3467900
1391,2005-07-18,17.49,17.860001,17.48,17.65,1286400
1392,2005-07-19,17.65,18.5,17.65,18.42,1482600
1393,2005-07-20,18.32,18.790001,18.1,18.75,797700
1394,2005-07-21,18.690001,18.82,18.030001,18.200001,915900
1395,2005-07-22,18.15,18.67,18.120001,18.67,409500
1396,2005-07-25,18.629999,18.74,18.25,18.379999,442800
1397,2005-07-26,18.43,18.5,18.23,18.4,766700
1398,2005-07-27,18.48,18.549999,18.27,18.469999,651500
1399,2005-07-28,18.57,18.85,18.57,18.799999,914100
1400,2005-07-29,18.75,18.790001,18.459999,18.6,578700
1401,2005-08-01,18.639999,18.889999,18.629999,18.75,708900
1402,2005-08-02,18.799999,18.93,18.74,18.76,337400
1403,2005-08-03,18.74,18.799999,18.450001,18.49,564300
1404,2005-08-04,18.58,18.639999,18.15,18.15,385800
1405,2005-08-05,18.15,18.15,17.65,17.799999,995200
1406,2005-08-08,17.889999,18.1,17.67,17.950001,585800
1407,2005-08-09,17.950001,18.040001,17.549999,17.9,1701200
1408,2005-08-10,17.82,17.959999,17.549999,17.68,1135600
1409,2005-08-11,17.68,18.08,17.66,18.0,834900
1410,2005-08-12,18.0,18.6,17.65,18.57,920200
1411,2005-08-15,18.59,18.700001,18.35,18.49,648900
1412,2005-08-16,18.34,18.35,17.67,17.790001,1128800
1413,2005-08-17,17.790001,18.190001,17.620001,17.99,567200
1414,2005-08-18,17.799999,18.059999,17.6,17.9,494300
1415,2005-08-19,17.879999,18.0,17.620001,18.0,343500
1416,2005-08-22,18.0,18.040001,17.75,18.0,606400
1417,2005-08-23,18.07,18.1,17.75,17.9,494200
1418,2005-08-24,17.889999,17.940001,17.709999,17.889999,958400
1419,2005-08-25,17.9,18.1,17.879999,17.950001,392600
1420,2005-08-26,17.99,17.99,17.379999,17.41,585400
1421,2005-08-29,17.530001,17.76,17.41,17.65,470500
1422,2005-08-30,17.66,17.879999,17.290001,17.389999,968900
1423,2005-08-31,17.459999,18.1,17.16,18.049999,760300
1424,2005-09-01,18.049999,19.9,18.049999,19.9,1980800
1425,2005-09-02,20.0,20.99,19.18,19.34,1335500
1426,2005-09-06,19.469999,20.280001,19.469999,20.26,1258700
1427,2005-09-07,20.209999,20.85,20.190001,20.84,1491400
1428,2005-09-08,20.700001,20.76,20.26,20.299999,494100
1429,2005-09-09,20.41,20.48,20.049999,20.290001,466200
1430,2005-09-12,20.35,20.4,20.049999,20.18,1097700
1431,2005-09-13,20.200001,20.200001,19.790001,19.799999,549500
1432,2005-09-14,19.969999,20.0,19.57,19.57,517400
1433,2005-09-15,19.719999,19.799999,19.59,19.76,555000
1434,2005-09-16,19.870001,19.98,19.6,19.639999,892100
1435,2005-09-19,19.65,19.65,19.34,19.440001,389300
1436,2005-09-20,19.49,19.75,19.26,19.35,597600
1437,2005-09-21,19.35,19.639999,19.219999,19.219999,638300
1438,2005-09-22,19.17,19.469999,19.01,19.34,515700
1439,2005-09-23,19.459999,20.24,19.34,19.969999,710300
1440,2005-09-26,20.040001,20.24,19.51,19.719999,358100
1441,2005-09-27,19.629999,19.780001,19.309999,19.629999,308800
1442,2005-09-28,19.700001,19.75,19.0,19.09,528300
1443,2005-09-29,19.120001,19.59,19.01,19.59,316200
1444,2005-09-30,19.49,19.889999,19.440001,19.709999,307000
1445,2005-10-03,19.73,20.059999,19.450001,19.85,612800
1446,2005-10-04,19.85,20.25,19.15,19.16,832600
1447,2005-10-05,19.17,19.280001,18.059999,18.23,905800
1448,2005-10-06,18.290001,18.43,18.0,18.16,599500
1449,2005-10-07,18.16,18.5,18.129999,18.389999,529700
1450,2005-10-10,18.5,18.959999,18.200001,18.290001,499800
1451,2005-10-11,18.389999,18.4,17.74,17.83,803500
1452,2005-10-12,17.799999,18.09,17.6,17.690001,515600
1453,2005-10-13,17.700001,17.84,17.52,17.76,755700
1454,2005-10-14,17.969999,17.969999,17.450001,17.879999,688200
1455,2005-10-17,17.83,18.049999,17.48,17.799999,650600
1456,2005-10-18,17.84,18.040001,17.540001,17.610001,540400
1457,2005-10-19,17.360001,18.15,17.059999,18.120001,810100
1458,2005-10-20,18.26,18.27,17.690001,17.940001,581200
1459,2005-10-21,17.950001,18.26,17.84,18.01,298600
1460,2005-10-24,18.01,18.76,18.01,18.549999,677400
1461,2005-10-25,18.48,18.49,18.25,18.48,328300
1462,2005-10-26,18.48,18.860001,18.18,18.309999,482700
1463,2005-10-27,18.27,18.309999,17.77,18.01,327400
1464,2005-10-28,18.049999,18.870001,18.049999,18.860001,595900
1465,2005-10-31,18.959999,19.84,18.73,19.57,1018800
1466,2005-11-01,19.559999,19.690001,18.719999,19.639999,1479000
1467,2005-11-02,19.639999,19.959999,19.5,19.9,1138600
1468,2005-11-03,20.0,20.23,19.9,20.15,563100
1469,2005-11-04,20.15,20.23,19.9,20.129999,322300
1470,2005-11-07,20.09,20.299999,19.940001,20.27,573400
1471,2005-11-08,20.09,20.200001,19.85,19.91,371300
1472,2005-11-09,19.93,20.25,19.76,19.91,667100
1473,2005-11-10,19.950001,20.5,19.6,20.469999,561800
1474,2005-11-11,20.469999,20.540001,20.219999,20.469999,249800
1475,2005-11-14,20.469999,20.48,20.120001,20.370001,272900
1476,2005-11-15,20.41,20.76,20.0,20.309999,503800
1477,2005-11-16,20.299999,20.379999,19.75,19.799999,604300
1478,2005-11-17,20.0,20.879999,19.93,20.77,905300
1479,2005-11-18,20.98,21.110001,20.75,21.049999,833400
1480,2005-11-21,21.1,21.49,20.799999,21.41,548400
1481,2005-11-22,21.280001,21.379999,21.1,21.120001,402700
1482,2005-11-23,21.0,21.34,20.91,20.940001,382500
1483,2005-11-25,20.950001,21.120001,20.719999,21.07,41700
1484,2005-11-28,21.110001,21.120001,20.4,20.709999,438500
1485,2005-11-29,20.9,21.280001,20.85,21.24,458900
1486,2005-11-30,21.25,21.379999,21.0,21.16,301900
1487,2005-12-01,21.25,21.860001,21.16,21.85,628400
1488,2005-12-02,21.879999,22.0,21.450001,21.629999,499100
1489,2005-12-05,21.700001,21.959999,21.43,21.93,957300
1490,2005-12-06,21.959999,24.309999,21.91,23.65,2926400
1491,2005-12-07,23.6,24.09,23.469999,23.700001,1077800
1492,2005-12-08,23.77,24.209999,23.549999,24.0,713000
1493,2005-12-09,23.99,24.200001,23.6,24.030001,485400
1494,2005-12-12,24.1,24.620001,24.02,24.42,791600
1495,2005-12-13,24.370001,24.43,23.959999,24.0,763900
1496,2005-12-14,24.059999,24.120001,23.91,24.040001,530400
1497,2005-12-15,24.049999,24.15,23.950001,24.09,617700
1498,2005-12-16,24.200001,24.299999,23.85,24.040001,994400
1499,2005-12-19,24.0,24.0,23.559999,23.59,449300
1500,2005-12-20,23.66,23.969999,23.41,23.76,497800
1501,2005-12-21,23.85,24.360001,23.809999,24.01,583000
1502,2005-12-22,24.030001,24.200001,23.68,23.959999,948000
1503,2005-12-23,24.0,24.1,23.92,23.940001,615400
1504,2005-12-27,23.940001,24.1,23.65,23.860001,513300
1505,2005-12-28,23.879999,24.049999,23.74,23.969999,372300
1506,2005-12-29,23.870001,24.0,23.780001,23.780001,351900
1507,2005-12-30,23.790001,23.790001,23.16,23.389999,624600
1508,2006-01-03,23.59,23.870001,23.07,23.82,728200
1509,2006-01-04,23.82,23.940001,23.52,23.74,623100
1510,2006-01-05,23.67,23.9,23.57,23.84,752100
1511,2006-01-06,23.99,23.99,23.58,23.799999,395800
1512,2006-01-09,23.84,24.200001,23.75,24.110001,669600
1513,2006-01-10,24.120001,25.0,23.98,24.98,939400
1514,2006-01-11,25.0,25.02,24.73,24.940001,720800
1515,2006-01-12,24.950001,25.110001,24.82,25.0,753900
1516,2006-01-13,25.049999,25.18,24.870001,25.02,703000
1517,2006-01-17,24.950001,24.99,24.620001,24.950001,490200
1518,2006-01-18,24.889999,25.0,24.799999,24.9,633600
1519,2006-01-19,24.93,25.870001,24.91,25.639999,957300
1520,2006-01-20,25.76,25.76,24.719999,25.0,1114800
1521,2006-01-23,25.049999,25.299999,24.950001,25.110001,661200
1522,2006-01-24,25.139999,25.200001,24.82,25.1,769800
1523,2006-01-25,25.110001,25.35,25.0,25.299999,449800
1524,2006-01-26,26.049999,28.93,26.049999,28.799999,3803500
1525,2006-01-27,28.549999,29.1,28.459999,29.040001,2655500
1526,2006-01-30,28.85,29.299999,28.5,29.23,1487300
1527,2006-01-31,29.24,29.469999,29.0,29.309999,1196300
1528,2006-02-01,29.309999,29.889999,29.190001,29.709999,1482100
1529,2006-02-02,29.799999,30.360001,29.67,29.969999,1229700
1530,2006-02-03,29.77,30.059999,29.6,29.85,422300
1531,2006-02-06,29.950001,29.950001,29.49,29.65,449600
1532,2006-02-07,29.9,29.940001,29.120001,29.280001,840700
1533,2006-02-08,29.51,29.91,29.09,29.91,491800
1534,2006-02-09,29.950001,30.09,29.85,29.889999,576700
1535,2006-02-10,29.940001,30.02,29.290001,29.950001,666200
1536,2006-02-13,29.950001,29.950001,29.559999,29.75,362300
1537,2006-02-14,29.799999,30.629999,29.639999,30.58,1012600
1538,2006-02-15,30.639999,31.290001,30.5,31.040001,750700
1539,2006-02-16,31.1,31.43,31.07,31.290001,551400
1540,2006-02-17,30.889999,31.629999,30.889999,31.389999,326100
1541,2006-02-21,31.51,31.66,31.299999,31.49,435600
1542,2006-02-22,31.6,31.85,31.360001,31.629999,419100
1543,2006-02-23,31.639999,31.879999,31.290001,31.43,405600
1544,2006-02-24,32.0,33.5,32.0,32.900002,992400
1545,2006-02-27,32.900002,33.029999,32.650002,32.84,820900
1546,2006-02-28,32.84,32.849998,32.41,32.599998,691000
1547,2006-03-01,32.709999,33.139999,32.5,33.139999,728300
1548,2006-03-02,33.099998,33.400002,33.029999,33.16,651400
1549,2006-03-03,33.099998,33.73,33.040001,33.330002,665700
1550,2006-03-06,32.380001,34.290001,32.380001,34.02,1245700
1551,2006-03-07,34.650002,34.650002,31.5,31.76,2478800
1552,2006-03-08,31.91,32.139999,31.26,31.83,1360000
1553,2006-03-09,31.83,31.85,31.219999,31.290001,543100
1554,2006-03-10,31.200001,31.709999,30.440001,31.4,564300
1555,2006-03-13,31.5,32.59,31.5,32.560001,1176200
1556,2006-03-14,32.560001,33.540001,32.240002,33.540001,798000
1557,2006-03-15,33.5,34.0,33.130001,33.880001,622600
1558,2006-03-16,33.990002,34.5,33.779999,34.110001,1058000
1559,2006-03-17,34.110001,34.27,33.709999,33.799999,1262600
1560,2006-03-20,33.799999,33.91,33.330002,33.349998,981000
1561,2006-03-21,33.330002,33.389999,32.52,32.52,980100
1562,2006-03-22,32.529999,32.790001,32.360001,32.490002,806500
1563,2006-03-23,32.48,32.490002,31.76,32.150002,1502400
1564,2006-03-24,32.220001,32.849998,32.130001,32.189999,778000
1565,2006-03-27,32.049999,32.48,32.049999,32.200001,453400
1566,2006-03-28,32.450001,33.380001,32.450001,32.580002,684500
1567,2006-03-29,32.68,33.599998,32.59,33.48,688300
1568,2006-03-30,33.509998,33.98,32.610001,32.630001,579900
1569,2006-03-31,32.75,35.48,31.879999,34.5,3203700
1570,2006-04-03,34.75,36.560001,34.700001,35.75,2494300
1571,2006-04-04,35.700001,35.73,35.200001,35.439999,1744300
1572,2006-04-05,35.540001,36.150002,35.529999,35.950001,722800
1573,2006-04-06,35.950001,36.25,35.549999,35.880001,569400
1574,2006-04-07,36.080002,36.169998,35.0,35.25,623800
1575,2006-04-10,35.32,35.419998,34.599998,34.810001,577000
1576,2006-04-11,34.810001,34.869999,34.139999,34.310001,971100
1577,2006-04-12,34.32,34.709999,34.169998,34.599998,594800
1578,2006-04-13,30.25,34.59,30.0,34.349998,1969500
1579,2006-04-17,34.900002,35.049999,33.970001,34.150002,1019100
1580,2006-04-18,34.200001,35.07,34.200001,35.040001,1081300
1581,2006-04-19,35.060001,35.5,34.77,35.23,623800
1582,2006-04-20,35.169998,35.5,34.740002,34.830002,1000600
1583,2006-04-21,35.439999,35.580002,34.799999,35.18,714900
1584,2006-04-24,35.150002,35.349998,34.900002,34.990002,501200
1585,2006-04-25,34.830002,35.09,34.619999,35.0,1264100
1586,2006-04-26,35.09,36.389999,34.970001,36.23,949000
1587,2006-04-27,36.23,36.369999,35.5,35.790001,766000
1588,2006-04-28,35.779999,36.189999,35.349998,35.669998,763300
1589,2006-05-01,35.82,35.98,35.25,35.490002,646000
1590,2006-05-02,35.349998,36.18,35.200001,36.09,625900
1591,2006-05-03,36.099998,36.240002,35.799999,36.080002,534900
1592,2006-05-04,36.150002,36.169998,35.720001,36.119999,527000
1593,2006-05-05,36.32,36.900002,36.07,36.75,760400
1594,2006-05-08,36.75,37.349998,36.650002,36.91,929200
1595,2006-05-09,37.200001,37.84,36.950001,37.57,1236400
1596,2006-05-10,37.560001,37.560001,35.150002,36.779999,2690100
1597,2006-05-11,36.599998,36.700001,35.459999,35.880001,1596500
1598,2006-05-12,35.82,35.830002,33.799999,33.830002,1577300
1599,2006-05-15,33.630001,33.75,33.119999,33.450001,984200
1600,2006-05-16,33.549999,34.080002,33.150002,33.419998,771900
1601,2006-05-17,33.169998,33.43,31.9,32.02,1059400
1602,2006-05-18,31.98,32.459999,31.540001,31.67,680200
1603,2006-05-19,31.59,31.75,30.75,31.450001,979400
1604,2006-05-22,31.48,31.76,30.879999,31.02,1044200
1605,2006-05-23,31.5,31.99,31.25,31.43,849800
1606,2006-05-24,31.530001,31.809999,30.26,31.049999,1012000
1607,2006-05-25,31.200001,32.07,31.15,32.07,731900
1608,2006-05-26,32.139999,32.639999,32.009998,32.389999,671400
1609,2006-05-30,32.150002,32.48,31.6,32.25,907800
1610,2006-05-31,32.639999,32.75,32.09,32.580002,867800
1611,2006-06-01,32.580002,33.299999,32.349998,33.169998,1020000
1612,2006-06-02,33.5,33.950001,33.209999,33.43,994900
1613,2006-06-05,33.299999,33.299999,31.9,31.92,682300
1614,2006-06-06,32.049999,32.169998,29.9,30.17,1501700
1615,2006-06-07,30.299999,30.74,29.85,29.92,1071700
1616,2006-06-08,29.83,29.84,27.32,29.08,2396700
1617,2006-06-09,29.200001,29.67,28.629999,28.85,810500
1618,2006-06-12,28.950001,29.139999,26.969999,26.99,1897800
1619,2006-06-13,26.889999,27.43,26.219999,26.379999,1685300
1620,2006-06-14,26.379999,26.969999,26.049999,26.969999,1293600
1621,2006-06-15,27.15,28.85,27.15,28.629999,1526900
1622,2006-06-16,28.690001,29.0,27.99,28.58,1918300
1623,2006-06-19,28.75,28.790001,27.860001,28.01,965400
1624,2006-06-20,28.01,28.200001,27.68,27.9,827800
1625,2006-06-21,27.98,29.129999,27.98,28.74,810900
1626,2006-06-22,28.549999,28.940001,28.25,28.780001,883300
1627,2006-06-23,28.65,29.549999,28.51,29.280001,676200
1628,2006-06-26,29.299999,29.559999,28.98,29.450001,920100
1629,2006-06-27,29.530001,29.690001,28.09,28.190001,837200
1630,2006-06-28,28.49,29.17,28.120001,28.4,859800
1631,2006-06-29,28.700001,30.57,28.65,30.440001,1448000
1632,2006-06-30,30.6,31.98,30.299999,31.98,4034700
1633,2006-07-03,31.98,31.99,31.1,31.639999,761000
1634,2006-07-05,31.639999,31.68,30.52,31.120001,961200
1635,2006-07-06,31.08,31.85,30.639999,30.74,814200
1636,2006-07-07,30.75,31.0,30.27,30.290001,463200
1637,2006-07-10,30.49,30.549999,29.950001,30.02,499100
1638,2006-07-11,29.959999,30.34,29.6,30.219999,566500
1639,2006-07-12,30.23,30.27,29.42,29.629999,474000
1640,2006-07-13,29.4,29.4,28.34,28.469999,1026300
1641,2006-07-14,28.48,28.48,27.49,27.889999,1014400
1642,2006-07-17,27.719999,27.75,26.969999,27.1,962500
1643,2006-07-18,27.27,27.540001,26.5,26.870001,1030600
1644,2006-07-19,26.93,27.84,26.77,27.83,983800
1645,2006-07-20,27.98,27.98,26.07,26.27,1254600
1646,2006-07-21,26.25,26.26,25.52,25.68,727800
1647,2006-07-24,25.860001,26.379999,25.57,26.26,778500
1648,2006-07-25,26.27,27.07,25.940001,27.049999,1084900
1649,2006-07-26,27.049999,27.1,26.51,26.82,1049100
1650,2006-07-27,27.02,27.299999,26.85,27.02,801800
1651,2006-07-28,27.200001,27.799999,26.959999,27.59,667800
1652,2006-07-31,27.549999,27.969999,27.23,27.92,732900
1653,2006-08-01,27.85,27.950001,27.23,27.610001,830200
1654,2006-08-02,27.799999,28.459999,27.700001,28.17,919600
1655,2006-08-03,28.129999,29.35,27.9,29.02,894700
1656,2006-08-04,29.27,30.0,28.09,28.32,585300
1657,2006-08-07,28.33,28.459999,26.82,26.879999,1178700
1658,2006-08-08,23.700001,24.35,21.690001,21.959999,8487700
1659,2006-08-09,22.379999,22.379999,21.200001,21.459999,3338800
1660,2006-08-10,21.389999,21.549999,20.76,20.959999,2013900
1661,2006-08-11,20.860001,20.959999,20.25,20.299999,2336400
1662,2006-08-14,20.299999,20.950001,20.25,20.59,2679300
1663,2006-08-15,20.959999,21.530001,20.879999,21.450001,1265700
1664,2006-08-16,21.700001,22.35,21.5,22.18,1255300
1665,2006-08-17,22.049999,22.790001,22.049999,22.280001,1074500
1666,2006-08-18,22.200001,22.200001,21.559999,21.83,871800
1667,2006-08-21,21.67,22.0,21.450001,21.67,685000
1668,2006-08-22,21.67,22.01,21.5,21.559999,662900
1669,2006-08-23,21.559999,21.559999,20.58,20.639999,939600
1670,2006-08-24,20.790001,20.84,20.25,20.620001,685100
1671,2006-08-25,20.620001,20.700001,20.309999,20.440001,430300
1672,2006-08-28,20.52,21.02,20.35,20.99,570200
1673,2006-08-29,21.01,21.049999,20.370001,20.59,652600
1674,2006-08-30,20.700001,20.790001,20.309999,20.5,475700
1675,2006-08-31,20.6,21.66,20.57,21.66,1095900
1676,2006-09-01,21.799999,22.65,21.690001,22.6,1503600
1677,2006-09-05,22.799999,23.049999,22.6,22.98,1298300
1678,2006-09-06,22.879999,23.02,21.84,22.139999,1286400
1679,2006-09-07,22.07,22.389999,21.450001,21.82,1014000
1680,2006-09-08,21.92,22.200001,21.74,22.1,860700
1681,2006-09-11,22.0,22.01,21.219999,21.549999,893000
1682,2006-09-12,21.629999,22.809999,21.450001,22.809999,902000
1683,2006-09-13,22.799999,23.469999,22.75,23.42,989600
1684,2006-09-14,23.370001,23.389999,22.629999,22.790001,834000
1685,2006-09-15,22.790001,22.91,22.52,22.83,703300
1686,2006-09-18,22.83,23.25,22.610001,22.809999,658100
1687,2006-09-19,22.85,22.870001,22.33,22.68,1345300
1688,2006-09-20,22.85,23.1,22.280001,22.379999,854300
1689,2006-09-21,22.379999,22.559999,21.950001,22.32,1077800
1690,2006-09-22,22.32,22.32,21.700001,22.129999,592800
1691,2006-09-25,22.450001,22.950001,21.98,22.84,680800
1692,2006-09-26,22.9,23.690001,22.9,23.49,1065300
1693,2006-09-27,23.370001,23.549999,22.66,22.82,721300
1694,2006-09-28,22.82,23.889999,22.82,23.42,885800
1695,2006-09-29,23.35,23.59,23.030001,23.25,657700
1696,2006-10-02,23.32,23.639999,22.889999,23.190001,716800
1697,2006-10-03,23.200001,23.85,23.0,23.5,1314500
1698,2006-10-04,23.459999,24.129999,23.110001,23.98,1242100
1699,2006-10-05,23.9,24.18,23.540001,23.93,1287000
1700,2006-10-06,23.9,24.700001,23.77,24.48,989000
1701,2006-10-09,24.370001,25.200001,24.0,24.92,1394300
1702,2006-10-10,24.92,25.120001,24.6,24.9,891000
1703,2006-10-11,24.75,25.17,24.41,24.969999,820900
1704,2006-10-12,25.0,25.24,24.67,25.16,1452100
1705,2006-10-13,25.17,25.25,25.030001,25.18,511200
1706,2006-10-16,25.41,25.85,25.379999,25.559999,896900
1707,2006-10-17,25.559999,25.799999,25.4,25.610001,781700
1708,2006-10-18,25.799999,26.0,25.65,25.790001,797000
1709,2006-10-19,25.790001,25.85,25.5,25.620001,744900
1710,2006-10-20,25.370001,25.379999,24.219999,24.59,1894300
1711,2006-10-23,24.450001,24.73,24.23,24.690001,833100
1712,2006-10-24,24.790001,25.01,24.440001,24.620001,777200
1713,2006-10-25,24.74,24.9,24.35,24.440001,760200
1714,2006-10-26,24.639999,24.82,24.209999,24.799999,832500
1715,2006-10-27,24.809999,24.809999,24.27,24.360001,996600
1716,2006-10-30,24.26,24.49,24.110001,24.209999,904400
1717,2006-10-31,24.370001,24.469999,23.540001,23.690001,1675900
1718,2006-11-01,23.6,23.700001,22.43,22.809999,3858700
1719,2006-11-02,22.52,22.790001,22.459999,22.65,1163900
1720,2006-11-03,22.77,22.92,22.01,22.440001,1187000
1721,2006-11-06,22.58,22.799999,22.49,22.629999,900500
1722,2006-11-07,22.59,22.709999,22.41,22.549999,720700
1723,2006-11-08,22.48,23.26,22.459999,22.99,883800
1724,2006-11-09,23.09,23.309999,22.780001,22.959999,1096200
1725,2006-11-10,22.969999,23.16,22.75,23.129999,526500
1726,2006-11-13,23.129999,23.85,23.129999,23.76,992700
1727,2006-11-14,23.76,24.24,23.6,24.17,959800
1728,2006-11-15,24.290001,24.959999,24.17,24.9,1135600
1729,2006-11-16,25.0,25.35,24.870001,25.0,1585400
1730,2006-11-17,25.02,25.15,24.57,24.73,823300
1731,2006-11-20,24.780001,24.870001,24.5,24.83,403900
1732,2006-11-21,24.92,24.98,24.719999,24.84,430100
1733,2006-11-22,24.780001,24.85,24.610001,24.790001,605600
1734,2006-11-24,24.75,24.84,24.6,24.799999,270400
1735,2006-11-27,24.799999,25.059999,24.280001,24.360001,889600
1736,2006-11-28,24.360001,24.49,24.049999,24.42,736700
1737,2006-11-29,24.620001,24.85,24.52,24.799999,786100
1738,2006-11-30,24.860001,25.1,24.559999,25.059999,539500
1739,2006-12-01,25.17,25.32,24.58,24.93,674500
1740,2006-12-04,25.0,25.18,24.860001,25.120001,611000
1741,2006-12-05,25.200001,25.610001,25.08,25.52,624700
1742,2006-12-06,25.610001,26.16,25.370001,25.92,1088200
1743,2006-12-07,26.049999,26.290001,25.809999,26.27,1241100
1744,2006-12-08,26.219999,26.58,26.1,26.35,901200
1745,2006-12-11,26.35,26.360001,25.809999,26.219999,877400
1746,2006-12-12,26.15,26.25,25.780001,25.9,1225300
1747,2006-12-13,26.1,26.18,25.959999,26.040001,688300
1748,2006-12-14,25.4,25.629999,24.799999,25.459999,1688100
1749,2006-12-15,25.51,25.6,24.940001,24.969999,1011200
1750,2006-12-18,25.0,25.299999,24.91,25.17,753400
1751,2006-12-19,24.92,24.969999,24.66,24.889999,1076900
1752,2006-12-20,24.9,25.940001,24.85,25.809999,1303200
1753,2006-12-21,25.790001,25.889999,25.549999,25.610001,754300
1754,2006-12-22,25.610001,25.610001,25.18,25.35,441600
1755,2006-12-26,25.360001,25.41,25.129999,25.370001,371800
1756,2006-12-27,25.389999,25.77,25.34,25.77,438400
1757,2006-12-28,25.76,26.030001,25.73,25.790001,717500
1758,2006-12-29,25.790001,25.93,25.32,25.43,671100
1759,2007-01-03,25.6,26.139999,25.540001,25.889999,971800
1760,2007-01-04,25.790001,25.91,25.450001,25.459999,1225800
1761,2007-01-05,25.41,25.41,24.9,25.030001,894200
1762,2007-01-08,25.030001,25.030001,24.690001,24.809999,879000
1763,2007-01-09,24.809999,25.09,24.700001,24.959999,783600
1764,2007-01-10,24.860001,25.23,24.57,25.16,773500
1765,2007-01-11,25.26,25.530001,25.25,25.309999,610000
1766,2007-01-12,25.379999,25.389999,25.059999,25.26,442000
1767,2007-01-16,25.33,25.360001,25.08,25.09,618400
1768,2007-01-17,25.190001,25.35,25.049999,25.1,741100
1769,2007-01-18,25.120001,25.200001,24.92,24.940001,804300
1770,2007-01-19,24.969999,25.27,24.809999,25.26,585200
1771,2007-01-22,25.26,25.360001,25.15,25.190001,641500
1772,2007-01-23,25.23,26.15,25.18,25.700001,597800
1773,2007-01-24,25.709999,26.450001,25.6,25.950001,900300
1774,2007-01-25,25.85,25.860001,24.9,25.059999,1121100
1775,2007-01-26,25.190001,25.379999,24.65,24.93,782700
1776,2007-01-29,24.969999,25.309999,24.790001,24.84,908700
1777,2007-01-30,24.98,25.01,24.82,24.959999,653000
1778,2007-01-31,25.01,25.77,24.84,25.75,1085900
1779,2007-02-01,25.809999,27.23,25.75,27.07,1942400
1780,2007-02-02,27.08,27.77,27.02,27.75,1646500
1781,2007-02-05,27.76,27.76,27.389999,27.469999,505500
1782,2007-02-06,27.57,28.709999,27.540001,28.379999,1771000
1783,2007-02-07,28.379999,28.83,28.280001,28.809999,1093300
1784,2007-02-08,28.860001,28.879999,28.040001,28.129999,1334600
1785,2007-02-09,28.139999,28.360001,27.67,27.790001,829400
1786,2007-02-12,27.85,28.360001,27.700001,28.26,992300
1787,2007-02-13,28.4,28.76,28.32,28.4,584000
1788,2007-02-14,28.48,28.799999,28.35,28.74,902500
1789,2007-02-15,28.790001,29.68,28.790001,29.559999,1301500
1790,2007-02-16,29.58,29.629999,28.969999,29.299999,939500
1791,2007-02-20,29.200001,29.32,28.98,29.190001,654900
1792,2007-02-21,29.1,29.35,28.93,29.049999,838000
1793,2007-02-22,29.07,29.23,28.709999,28.99,665000
1794,2007-02-23,28.91,29.02,28.469999,29.0,898800
1795,2007-02-26,29.0,29.190001,28.76,28.9,1658000
1796,2007-02-27,28.51,29.280001,28.01,28.709999,1988400
1797,2007-02-28,28.700001,28.959999,28.41,28.559999,1501400
1798,2007-03-01,28.450001,28.450001,27.57,27.98,1596100
1799,2007-03-02,27.98,27.98,27.51,27.530001,1043700
1800,2007-03-05,27.299999,27.4,26.709999,26.73,987800
1801,2007-03-06,26.950001,27.540001,26.799999,27.309999,997100
1802,2007-03-07,27.309999,28.4,27.139999,28.209999,1201400
1803,2007-03-08,28.299999,28.879999,28.120001,28.34,1670500
1804,2007-03-09,28.540001,28.540001,27.950001,28.1,658000
1805,2007-03-12,28.09,28.190001,27.58,27.99,887900
1806,2007-03-13,27.870001,27.870001,26.77,26.93,966200
1807,2007-03-14,27.0,27.200001,26.35,26.879999,688000
1808,2007-03-15,26.9,27.559999,26.9,27.43,1253000
1809,2007-03-16,27.43,27.629999,27.02,27.07,672000
1810,2007-03-19,27.280001,27.52,26.98,27.09,711700
1811,2007-03-20,27.09,27.280001,26.959999,27.120001,884100
1812,2007-03-21,27.120001,28.09,27.049999,28.01,1381700
1813,2007-03-22,28.01,28.200001,27.83,27.940001,625200
1814,2007-03-23,28.0,28.049999,27.77,27.99,396000
1815,2007-03-26,28.83,28.83,27.860001,28.01,509600
1816,2007-03-27,28.02,28.02,27.83,27.950001,733300
1817,2007-03-28,27.91,27.969999,27.73,27.799999,609500
1818,2007-03-29,27.91,28.0,27.34,27.43,825100
1819,2007-03-30,27.5,27.65,27.389999,27.5,742600
1820,2007-04-02,27.48,27.6,27.23,27.35,491100
1821,2007-04-03,27.450001,27.799999,27.41,27.74,1051800
1822,2007-04-04,27.790001,27.790001,27.51,27.76,901400
1823,2007-04-05,27.77,28.0,27.709999,27.799999,453500
1824,2007-04-09,27.889999,27.98,27.5,27.549999,457600
1825,2007-04-10,32.950001,33.400002,30.959999,32.360001,11915700
1826,2007-04-11,32.119999,32.130001,31.07,31.309999,3434200
1827,2007-04-12,31.32,32.040001,31.16,31.42,1387200
1828,2007-04-13,31.450001,31.48,30.889999,31.16,827600
1829,2007-04-16,31.190001,32.029999,31.18,31.870001,2026900
1830,2007-04-17,32.07,32.509998,31.690001,32.41,2508500
1831,2007-04-18,32.41,32.599998,32.139999,32.470001,1301300
1832,2007-04-19,32.279999,32.549999,31.940001,32.18,866300
1833,2007-04-20,32.43,32.68,31.93,32.25,1113700
1834,2007-04-23,32.32,32.650002,32.09,32.459999,2380200
1835,2007-04-24,32.439999,32.57,32.029999,32.52,1495700
1836,2007-04-25,32.77,32.990002,32.509998,32.73,1624000
1837,2007-04-26,32.700001,33.84,32.59,33.509998,2616600
1838,2007-04-27,33.459999,33.990002,33.400002,33.639999,1501500
1839,2007-04-30,33.599998,33.93,33.48,33.5,2079300
1840,2007-05-01,33.5,33.720001,32.919998,33.419998,1330200
1841,2007-05-02,33.5,34.130001,33.459999,33.529999,2381200
1842,2007-05-03,33.849998,34.450001,33.509998,33.849998,1566500
1843,2007-05-04,34.009998,34.049999,33.380001,33.700001,962800
1844,2007-05-07,33.799999,33.799999,33.16,33.48,1044900
1845,2007-05-08,33.48,34.080002,33.369999,34.0,3133700
1846,2007-05-09,33.849998,34.049999,33.66,33.93,758800
1847,2007-05-10,33.830002,33.990002,33.549999,33.849998,990700
1848,2007-05-11,34.380001,34.630001,33.849998,34.580002,786900
1849,2007-05-14,34.52,35.560001,34.18,34.5,1204300
1850,2007-05-15,34.5,35.080002,34.029999,34.150002,1477800
1851,2007-05-16,34.200001,34.450001,33.900002,34.43,525800
1852,2007-05-17,34.549999,34.779999,34.299999,34.369999,538700
1853,2007-05-18,34.419998,34.740002,34.139999,34.639999,571200
1854,2007-05-21,34.560001,34.900002,34.419998,34.700001,619600
1855,2007-05-22,34.700001,34.84,34.400002,34.459999,486900
1856,2007-05-23,34.560001,34.970001,33.799999,33.880001,1527100
1857,2007-05-24,33.799999,33.810001,32.650002,32.849998,2117200
1858,2007-05-25,33.02,33.889999,33.02,33.75,951700
1859,2007-05-29,33.650002,33.990002,33.209999,33.360001,922800
1860,2007-05-30,33.259998,33.580002,33.080002,33.490002,950500
1861,2007-05-31,33.549999,33.75,33.32,33.549999,915000
1862,2007-06-01,33.709999,34.07,33.700001,34.0,886700
1863,2007-06-04,34.0,34.130001,33.700001,34.02,631400
1864,2007-06-05,33.849998,34.09,33.73,33.77,1036600
1865,2007-06-06,33.700001,33.849998,33.470001,33.610001,1183000
1866,2007-06-07,32.950001,33.939999,32.880001,32.880001,1266500
1867,2007-06-08,32.720001,33.349998,32.599998,33.32,1039900
1868,2007-06-11,33.369999,33.599998,33.189999,33.360001,846400
1869,2007-06-12,33.220001,33.41,33.02,33.080002,877100
1870,2007-06-13,33.110001,33.5,32.919998,33.400002,434000
1871,2007-06-14,33.369999,33.619999,33.209999,33.220001,770600
1872,2007-06-15,33.470001,33.759998,33.209999,33.279999,832200
1873,2007-06-18,33.299999,33.740002,33.259998,33.740002,412400
1874,2007-06-19,33.849998,34.040001,33.849998,33.860001,677500
1875,2007-06-20,33.869999,34.029999,33.23,33.290001,702400
1876,2007-06-21,33.139999,33.150002,32.630001,32.950001,1090600
1877,2007-06-22,32.900002,33.490002,32.689999,32.740002,1074600
1878,2007-06-25,32.720001,32.990002,32.130001,32.18,992400
1879,2007-06-26,32.349998,32.349998,31.57,31.959999,1012600
1880,2007-06-27,31.700001,32.23,31.35,32.18,885600
1881,2007-06-28,32.200001,33.139999,32.200001,32.470001,1194500
1882,2007-06-29,32.599998,32.810001,32.299999,32.540001,927600
1883,2007-07-02,32.610001,33.130001,32.509998,33.0,957500
1884,2007-07-03,33.040001,33.099998,32.91,33.029999,379200
1885,2007-07-05,33.0,33.099998,32.41,32.900002,885800
1886,2007-07-06,32.98,33.389999,32.610001,33.349998,632400
1887,2007-07-09,33.400002,34.509998,33.200001,34.02,1211600
1888,2007-07-10,33.849998,33.860001,32.919998,32.98,1222500
1889,2007-07-11,33.07,33.349998,32.529999,32.889999,1234500
1890,2007-07-12,33.25,34.740002,33.200001,34.07,4005500
1891,2007-07-13,33.900002,34.98,33.75,34.630001,2613800
1892,2007-07-16,34.509998,34.509998,34.0,34.18,1130600
1893,2007-07-17,34.169998,34.59,33.779999,34.299999,849400
1894,2007-07-18,34.209999,34.32,33.66,33.900002,1346000
1895,2007-07-19,34.150002,34.360001,33.400002,33.52,888400
1896,2007-07-20,33.330002,33.400002,32.07,32.369999,2099900
1897,2007-07-23,33.150002,33.18,32.740002,32.98,9758800
1898,2007-07-24,32.860001,32.93,32.259998,32.419998,3945300
1899,2007-07-25,32.419998,32.599998,32.029999,32.5,3174200
1900,2007-07-26,32.099998,32.5,31.280001,32.119999,3008800
1901,2007-07-27,32.0,32.759998,31.58,32.25,3545300
1902,2007-07-30,32.299999,32.66,32.200001,32.380001,2247200
1903,2007-07-31,32.490002,32.650002,31.92,32.139999,1955900
1904,2007-08-01,31.98,32.400002,31.77,31.799999,3257100
1905,2007-08-02,31.5,31.950001,31.4,31.870001,4103800
1906,2007-08-03,31.67,31.959999,31.4,31.59,3467100
1907,2007-08-06,31.700001,31.9,30.74,31.030001,2604100
1908,2007-08-07,31.16,32.02,30.68,31.58,1343400
1909,2007-08-08,31.700001,32.099998,31.6,31.74,1303200
1910,2007-08-09,31.530001,32.48,30.950001,31.1,2103400
1911,2007-08-10,30.799999,31.379999,28.549999,31.16,2112800
1912,2007-08-13,31.469999,31.790001,31.0,31.09,639900
1913,2007-08-14,31.030001,31.16,30.309999,30.5,1198700
1914,2007-08-15,30.41,30.75,29.969999,30.4,1176500
1915,2007-08-16,30.15,30.35,29.07,30.1,1107000
1916,2007-08-17,30.09,31.049999,29.75,30.5,1287600
1917,2007-08-20,30.51,31.0,30.200001,30.969999,822500
1918,2007-08-21,30.969999,32.419998,30.780001,32.200001,2519800
1919,2007-08-22,32.299999,32.509998,32.139999,32.290001,1212700
1920,2007-08-23,32.32,32.400002,32.049999,32.290001,728900
1921,2007-08-24,32.349998,32.759998,32.25,32.650002,744800
1922,2007-08-27,32.639999,32.810001,32.139999,32.23,750600
1923,2007-08-28,32.18,32.48,32.0,32.040001,1008400
1924,2007-08-29,32.290001,32.330002,32.150002,32.330002,961800
1925,2007-08-30,32.200001,32.43,32.200001,32.32,654600
1926,2007-08-31,32.599998,32.860001,32.369999,32.599998,1800600
1927,2007-09-04,32.25,32.689999,32.02,32.560001,1635700
1928,2007-09-05,32.349998,32.549999,32.27,32.439999,865900
1929,2007-09-06,32.549999,32.720001,32.48,32.619999,1288500
1930,2007-09-07,32.299999,32.549999,32.299999,32.5,1252500
1931,2007-09-10,32.75,32.75,32.400002,32.509998,669500
1932,2007-09-11,32.720001,32.720001,32.299999,32.509998,1386200
1933,2007-09-12,32.48,32.5,31.860001,31.950001,1625900
1934,2007-09-13,32.060001,32.07,31.129999,31.209999,2906000
1935,2007-09-14,31.049999,31.530001,30.790001,30.91,2507700
1936,2007-09-17,30.799999,31.370001,30.799999,30.950001,1068500
1937,2007-09-18,31.1,31.4,31.0,31.190001,716000
1938,2007-09-19,31.25,32.09,31.15,31.719999,1493300
1939,2007-09-20,31.9,32.599998,31.74,32.419998,3095200
1940,2007-09-21,32.400002,32.599998,31.440001,31.450001,1958200
1941,2007-09-24,31.5,31.5,30.82,30.879999,2209100
1942,2007-09-25,30.85,30.959999,30.440001,30.799999,985300
1943,2007-09-26,30.84,31.059999,30.610001,30.690001,961500
1944,2007-09-27,30.799999,31.75,30.690001,31.75,1430100
1945,2007-09-28,31.85,32.59,31.85,32.169998,2713600
1946,2007-10-01,32.25,32.25,31.5,31.84,1110100
1947,2007-10-02,31.950001,32.040001,31.459999,31.809999,1428800
1948,2007-10-03,31.700001,31.93,31.27,31.35,1765900
1949,2007-10-04,31.700001,33.240002,31.700001,32.950001,3665000
1950,2007-10-05,33.110001,33.48,33.049999,33.240002,897600
1951,2007-10-08,33.369999,33.380001,32.98,33.099998,733800
1952,2007-10-09,33.34,33.360001,33.110001,33.360001,533100
1953,2007-10-10,33.349998,33.790001,33.299999,33.75,2155700
1954,2007-10-11,33.779999,33.919998,33.75,33.75,2588200
1955,2007-10-12,33.75,33.799999,33.66,33.779999,545900
1956,2007-10-15,33.849998,33.869999,33.700001,33.82,1066400
1957,2007-10-16,33.799999,34.07,33.799999,33.939999,895900
1958,2007-10-17,34.029999,34.029999,33.700001,33.889999,925500
1959,2007-10-18,33.75,33.869999,33.599998,33.610001,1282100
1960,2007-10-19,33.619999,33.75,33.299999,33.66,2605200
1961,2007-10-22,33.639999,33.889999,33.639999,33.810001,953300
1962,2007-10-23,34.0,34.0,33.75,33.830002,624600
1963,2007-10-24,33.779999,34.0,33.73,33.990002,818900
1964,2007-10-25,34.0,34.049999,33.720001,33.93,852600
1965,2007-10-26,34.139999,34.139999,33.77,33.77,633200
1966,2007-10-29,33.939999,34.099998,33.82,33.860001,684100
1967,2007-10-30,33.860001,34.060001,33.82,33.93,1921600
1968,2007-10-31,34.150002,34.299999,34.150002,34.189999,4050200
1969,2007-11-01,34.290001,34.299999,34.23,34.25,5049400
1970,2007-11-02,34.290001,34.290001,34.23,34.240002,3047000
1971,2007-11-05,34.240002,34.290001,34.220001,34.23,1279000
1972,2007-11-06,34.259998,34.34,34.25,34.310001,521500
1973,2007-11-07,34.259998,34.310001,34.049999,34.16,3834500
1974,2007-11-08,34.25,34.330002,34.09,34.169998,1548400
1975,2007-11-09,33.959999,34.200001,33.939999,34.169998,1257400
1976,2007-11-12,34.18,34.25,34.16,34.18,1964800
1977,2007-11-13,34.220001,34.299999,33.669998,34.009998,3641700
1978,2007-11-14,34.369999,34.369999,21.91,23.5,36409300
1979,2007-11-15,23.85,25.129999,22.41,22.91,19702400
1980,2007-11-16,23.25,23.48,22.33,23.370001,6784300
1981,2007-11-19,23.23,23.32,22.25,22.5,4426100
1982,2007-11-20,22.950001,22.950001,21.809999,22.030001,2524000
1983,2007-11-21,21.75,23.4,21.299999,22.469999,2822800
1984,2007-11-23,22.469999,22.49,22.0,22.24,489100
1985,2007-11-26,22.280001,22.940001,21.120001,21.200001,1493500
1986,2007-11-27,21.26,21.549999,20.76,20.870001,1667500
1987,2007-11-28,20.870001,21.58,20.870001,21.5,1265100
1988,2007-11-29,21.59,22.52,21.200001,22.24,2425500
1989,2007-11-30,22.379999,23.440001,22.35,23.27,3507700
1990,2007-12-03,23.370001,23.370001,22.67,23.219999,1138300
1991,2007-12-04,23.120001,23.290001,22.6,23.02,1779400
1992,2007-12-05,23.15,23.58,23.139999,23.370001,1775600
1993,2007-12-06,23.290001,23.889999,23.23,23.77,1031700
1994,2007-12-07,23.67,24.370001,23.67,23.940001,1599000
1995,2007-12-10,23.959999,25.49,23.76,24.23,2029400
1996,2007-12-11,24.16,24.26,23.389999,23.43,769200
1997,2007-12-12,23.940001,24.33,22.299999,22.549999,2906000
1998,2007-12-13,22.52,22.549999,20.67,21.16,3542400
1999,2007-12-14,21.16,23.549999,21.15,23.549999,4141100
2000,2007-12-17,25.110001,25.25,24.049999,24.25,4771800
2001,2007-12-18,22.99,24.209999,22.629999,23.049999,2768200
2002,2007-12-19,22.959999,23.030001,21.540001,22.25,2942100
2003,2007-12-20,22.370001,22.48,21.360001,21.6,2358100
2004,2007-12-21,21.950001,21.950001,17.32,17.91,10186200
2005,2007-12-24,17.950001,19.0,17.85,18.700001,5344900
2006,2007-12-26,18.75,19.190001,18.120001,19.049999,3376800
2007,2007-12-27,19.15,19.23,18.4,18.530001,2654300
2008,2007-12-28,18.549999,18.75,18.280001,18.469999,1437500
2009,2007-12-31,18.469999,18.629999,18.0,18.360001,1692800
2010,2008-01-02,18.33,18.92,17.709999,17.77,2409400
2011,2008-01-03,18.34,18.65,18.01,18.26,2512300
2012,2008-01-04,18.049999,18.110001,17.280001,17.34,2237900
2013,2008-01-07,17.450001,17.68,16.26,16.42,2204600
2014,2008-01-08,16.51,16.690001,15.64,15.7,2727000
2015,2008-01-09,15.87,15.87,15.12,15.54,2052800
2016,2008-01-10,15.46,16.75,15.44,16.57,2857100
2017,2008-01-11,17.959999,18.07,16.790001,17.200001,4523200
2018,2008-01-14,17.280001,17.76,16.83,17.59,1892900
2019,2008-01-15,17.43,17.780001,16.870001,17.120001,1974500
2020,2008-01-16,17.02,17.35,16.58,17.049999,1642900
2021,2008-01-17,17.09,17.110001,15.81,16.030001,2002400
2022,2008-01-18,16.15,16.6,15.7,16.02,1654400
2023,2008-01-22,15.35,16.299999,14.83,15.9,1539900
2024,2008-01-23,15.6,16.75,15.6,16.639999,1698600
2025,2008-01-24,16.67,17.15,16.15,17.15,1341800
2026,2008-01-25,17.209999,17.450001,16.530001,16.860001,1633100
2027,2008-01-28,16.82,17.35,16.43,17.35,961300
2028,2008-01-29,17.4,17.450001,16.92,17.25,756900
2029,2008-01-30,17.040001,17.950001,17.01,17.42,1395400
2030,2008-01-31,17.799999,18.5,17.33,18.23,1490000
2031,2008-02-01,18.389999,19.24,18.15,19.049999,1471000
2032,2008-02-04,18.940001,19.0,18.35,18.35,898200
2033,2008-02-05,18.219999,19.040001,18.059999,18.26,1533200
2034,2008-02-06,18.33,18.379999,17.6,17.9,899200
2035,2008-02-07,17.65,18.129999,17.43,17.91,1151000
2036,2008-02-08,17.799999,18.35,17.67,18.18,693200
2037,2008-02-11,18.17,18.450001,17.700001,18.299999,764400
2038,2008-02-12,18.43,18.719999,18.15,18.309999,898700
2039,2008-02-13,18.49,18.67,18.299999,18.610001,707400
2040,2008-02-14,18.65,19.1,18.450001,18.809999,1233800
2041,2008-02-15,18.67,18.99,18.530001,18.84,621300
2042,2008-02-19,18.9,19.17,18.809999,19.049999,1004600
2043,2008-02-20,18.879999,19.219999,18.75,18.950001,1258900
2044,2008-02-21,19.030001,19.290001,18.799999,18.860001,1344900
2045,2008-02-22,18.91,18.950001,18.440001,18.879999,715700
2046,2008-02-25,18.860001,19.290001,18.780001,19.27,894600
2047,2008-02-26,19.24,19.620001,19.1,19.4,510600
2048,2008-02-27,19.309999,19.74,19.219999,19.360001,677000
2049,2008-02-28,19.16,19.23,18.549999,18.969999,1083300
2050,2008-02-29,20.01,20.5,19.360001,20.1,3417700
2051,2008-03-03,20.129999,20.17,19.4,19.65,1361400
2052,2008-03-04,19.43,19.75,19.049999,19.59,1409500
2053,2008-03-05,19.98,19.98,19.01,19.17,695500
2054,2008-03-06,19.0,19.290001,18.6,18.700001,929800
2055,2008-03-07,18.65,19.23,18.58,18.9,940900
2056,2008-03-10,18.889999,19.110001,18.4,18.58,929700
2057,2008-03-11,18.99,19.129999,18.42,18.889999,802100
2058,2008-03-12,18.889999,19.24,18.700001,18.93,595800
2059,2008-03-13,18.57,19.379999,18.43,19.200001,782300
2060,2008-03-14,19.4,19.43,18.040001,18.370001,1303500
2061,2008-03-17,17.99,18.190001,17.450001,17.709999,1389700
2062,2008-03-18,17.33,17.879999,17.200001,17.610001,1890100
2063,2008-03-19,17.639999,17.98,17.6,17.610001,1168900
2064,2008-03-20,17.59,18.360001,17.450001,18.24,1002700
2065,2008-03-24,18.24,19.209999,18.24,18.959999,674600
2066,2008-03-25,18.969999,19.620001,18.969999,19.52,1361900
2067,2008-03-26,19.48,19.700001,18.65,19.01,1229300
2068,2008-03-27,18.969999,19.17,18.459999,18.52,801100
2069,2008-03-28,18.57,18.860001,18.26,18.41,523200
2070,2008-03-31,18.51,19.07,18.34,18.84,863100
2071,2008-04-01,19.030001,19.41,18.84,18.84,1140900
2072,2008-04-02,18.950001,19.57,18.84,19.35,662700
2073,2008-04-03,19.26,19.66,19.110001,19.459999,986300
2074,2008-04-04,19.360001,19.799999,18.9,19.0,746500
2075,2008-04-07,19.32,19.610001,19.040001,19.49,626600
2076,2008-04-08,19.370001,19.59,19.049999,19.549999,690400
2077,2008-04-09,19.66,19.68,18.57,18.66,737300
2078,2008-04-10,18.690001,19.01,18.690001,18.940001,809700
2079,2008-04-11,18.780001,18.879999,18.4,18.620001,807100
2080,2008-04-14,18.620001,18.620001,17.530001,17.76,1491900
2081,2008-04-15,17.91,18.370001,17.870001,18.200001,1038600
2082,2008-04-16,18.200001,18.379999,17.969999,18.35,808100
2083,2008-04-17,18.299999,18.85,18.15,18.379999,1231400
2084,2008-04-18,18.690001,18.879999,18.559999,18.74,1149200
2085,2008-04-21,18.59,19.15,18.59,19.0,1308300
2086,2008-04-22,18.940001,19.049999,18.51,18.66,861300
2087,2008-04-23,18.67,19.0,18.67,18.83,2026800
2088,2008-04-24,18.889999,19.27,18.76,18.99,1537500
2089,2008-04-25,19.07,19.32,18.84,19.040001,1613000
2090,2008-04-28,19.01,19.26,18.959999,19.01,1621400
2091,2008-04-29,18.950001,19.17,18.780001,19.01,1184600
2092,2008-04-30,17.879999,19.469999,17.870001,18.84,1970100
2093,2008-05-01,18.959999,19.219999,18.959999,19.16,927400
2094,2008-05-02,19.209999,19.43,19.059999,19.33,600500
2095,2008-05-05,19.299999,19.5,18.98,19.209999,745600
2096,2008-05-06,19.120001,19.639999,19.08,19.379999,523200
2097,2008-05-07,19.389999,19.59,19.34,19.559999,734000
2098,2008-05-08,19.559999,20.08,19.450001,19.690001,640500
2099,2008-05-09,19.59,19.690001,19.440001,19.549999,398200
2100,2008-05-12,19.540001,19.98,19.51,19.959999,499000
2101,2008-05-13,19.84,20.1,19.799999,20.09,624500
2102,2008-05-14,20.15,20.18,19.85,19.889999,547500
2103,2008-05-15,19.959999,20.52,19.700001,20.52,784500
2104,2008-05-16,20.51,20.790001,20.5,20.690001,462200
2105,2008-05-19,20.780001,20.950001,20.4,20.639999,485200
2106,2008-05-20,20.530001,20.6,19.950001,20.09,991900
2107,2008-05-21,20.129999,20.299999,20.049999,20.1,651600
2108,2008-05-22,20.1,20.440001,20.0,20.309999,653500
2109,2008-05-23,20.139999,20.25,20.02,20.120001,610600
2110,2008-05-27,20.059999,20.360001,19.98,20.219999,876400
2111,2008-05-28,20.18,20.700001,20.17,20.66,328000
2112,2008-05-29,20.690001,20.940001,20.35,20.42,609200
2113,2008-05-30,20.41,20.690001,20.24,20.59,656800
2114,2008-06-02,20.67,20.889999,20.280001,20.5,615600
2115,2008-06-03,20.540001,20.629999,20.219999,20.469999,585700
2116,2008-06-04,20.43,20.9,20.16,20.360001,939300
2117,2008-06-05,19.85,20.09,19.389999,20.07,1154800
2118,2008-06-06,19.959999,20.200001,19.6,19.6,641800
2119,2008-06-09,19.540001,19.709999,19.379999,19.5,604200
2120,2008-06-10,22.620001,22.74,21.59,22.09,7421100
2121,2008-06-11,21.9,22.26,21.530001,21.59,3062700
2122,2008-06-12,21.629999,21.879999,21.200001,21.450001,1482400
2123,2008-06-13,21.6,21.870001,21.6,21.799999,742000
2124,2008-06-16,21.799999,22.049999,21.610001,22.02,702300
2125,2008-06-17,22.16,22.200001,21.75,21.83,1006100
2126,2008-06-18,21.77,21.940001,21.6,21.709999,1157600
2127,2008-06-19,21.73,21.940001,21.5,21.82,2160500
2128,2008-06-20,21.82,21.82,21.290001,21.59,1350000
2129,2008-06-23,21.73,21.870001,21.18,21.280001,1104000
2130,2008-06-24,21.27,21.5,21.09,21.41,1937400
2131,2008-06-25,21.450001,21.469999,21.120001,21.129999,3054400
2132,2008-06-26,21.0,21.08,19.290001,19.51,5984700
2133,2008-06-27,19.23,20.08,18.889999,19.959999,2035700
2134,2008-06-30,19.98,20.16,19.549999,19.610001,1775700
2135,2008-07-01,20.59,20.59,18.65,19.129999,7605200
2136,2008-07-02,19.41,19.549999,18.84,19.030001,2224700
2137,2008-07-03,19.09,19.719999,18.5,18.950001,1520800
2138,2008-07-07,19.09,19.35,18.799999,19.190001,2703900
2139,2008-07-08,19.18,19.889999,19.120001,19.85,3180700
2140,2008-07-09,19.99,20.139999,19.42,20.040001,3639100
2141,2008-07-10,19.85,20.01,19.290001,19.59,1872600
2142,2008-07-11,19.1,19.629999,18.809999,19.280001,3115300
2143,2008-07-14,19.459999,19.629999,18.9,18.950001,3062600
2144,2008-07-15,19.25,20.0,18.5,19.120001,4688600
2145,2008-07-16,22.59,22.59,18.85,18.889999,4902300
2146,2008-07-17,16.799999,17.75,16.610001,16.889999,6039800
2147,2008-07-18,17.049999,17.23,16.75,16.83,2361900
2148,2008-07-21,17.15,17.15,16.73,17.02,2898700
2149,2008-07-22,17.030001,17.549999,16.9,17.5,4705500
2150,2008-07-23,17.889999,18.700001,17.67,18.200001,3862400
2151,2008-07-24,18.17,18.35,17.139999,17.139999,1110100
2152,2008-07-25,17.030001,18.01,17.030001,17.32,1696800
2153,2008-07-28,17.27,17.799999,16.92,17.799999,1058300
2154,2008-07-29,17.940001,18.0,17.049999,17.129999,2709100
2155,2008-07-30,17.24,17.85,15.51,16.0,8514800
2156,2008-07-31,15.95,16.33,15.25,16.18,4178200
2157,2008-08-01,16.540001,17.24,15.98,16.209999,2345100
2158,2008-08-04,16.41,16.450001,15.67,16.09,2131500
2159,2008-08-05,16.6,16.75,16.0,16.629999,1882500
2160,2008-08-06,16.620001,16.75,16.059999,16.549999,1096100
2161,2008-08-07,16.41,16.41,15.59,15.88,1667000
2162,2008-08-08,15.81,16.42,15.74,16.360001,835300
2163,2008-08-11,16.379999,16.67,16.01,16.57,1569400
2164,2008-08-12,16.57,16.83,16.33,16.370001,814200
2165,2008-08-13,16.450001,16.57,16.01,16.370001,704600
2166,2008-08-14,16.309999,16.790001,16.209999,16.5,777400
2167,2008-08-15,16.5,16.709999,15.93,16.030001,1040900
2168,2008-08-18,16.18,16.18,15.67,15.75,382300
2169,2008-08-19,15.66,15.91,15.29,15.43,937600
2170,2008-08-20,15.33,15.42,15.08,15.27,1041400
2171,2008-08-21,15.48,16.030001,15.36,16.02,879500
2172,2008-08-22,16.049999,16.75,15.95,16.26,611800
2173,2008-08-25,16.09,16.18,15.76,16.059999,738600
2174,2008-08-26,16.040001,16.15,15.7,15.93,651700
2175,2008-08-27,15.7,16.290001,15.7,16.219999,543100
2176,2008-08-28,16.32,16.389999,15.98,16.32,453000
2177,2008-08-29,16.25,16.51,16.02,16.190001,425700
2178,2008-09-02,16.530001,16.67,16.219999,16.41,980400
2179,2008-09-03,16.51,16.75,16.27,16.35,1044000
2180,2008-09-04,16.290001,16.35,15.84,16.02,1031900
2181,2008-09-05,15.99,16.15,15.66,15.92,1179000
2182,2008-09-08,16.09,16.5,15.93,16.379999,956900
2183,2008-09-09,16.17,17.030001,16.17,16.299999,1148000
2184,2008-09-10,16.18,16.780001,16.01,16.629999,1093900
2185,2008-09-11,16.719999,16.719999,15.85,16.200001,1012000
2186,2008-09-12,16.08,16.5,15.91,16.200001,739900
2187,2008-09-15,15.4,15.9,15.39,15.81,1032200
2188,2008-09-16,15.85,16.459999,15.68,16.18,984300
2189,2008-09-17,16.0,16.049999,15.12,15.32,1499100
2190,2008-09-18,15.41,20.0,14.57,20.0,2889000
2191,2008-09-19,16.559999,18.5,16.25,17.549999,2778700
2192,2008-09-22,17.299999,17.5,16.23,16.23,989700
2193,2008-09-23,16.0,16.459999,15.26,15.84,894000
2194,2008-09-24,16.07,16.75,14.62,14.79,672700
2195,2008-09-25,14.96,15.06,14.65,14.77,677600
2196,2008-09-26,14.6,15.48,14.34,14.98,997600
2197,2008-09-29,15.84,16.32,14.01,15.65,1507300
2198,2008-09-30,15.58,16.33,13.79,15.24,1504200
2199,2008-10-01,15.23,15.52,13.77,13.89,1552500
2200,2008-10-02,13.88,14.17,13.0,13.42,1607800
2201,2008-10-03,13.53,13.83,12.75,12.78,1070800
2202,2008-10-06,12.48,12.48,10.89,12.01,2116900
2203,2008-10-07,12.15,12.21,11.09,11.09,862600
2204,2008-10-08,10.84,11.25,10.44,10.96,2270700
2205,2008-10-09,10.86,11.68,10.59,11.12,1567800
2206,2008-10-10,10.73,10.92,9.33,10.02,1705300
2207,2008-10-13,10.56,11.51,10.12,11.51,1425100
2208,2008-10-14,11.84,12.11,11.16,11.61,2297000
2209,2008-10-15,11.55,11.83,9.77,9.83,833900
2210,2008-10-16,9.82,11.02,9.26,10.17,1215100
2211,2008-10-17,10.68,10.68,9.8,9.99,535700
2212,2008-10-20,10.19,10.49,9.91,10.22,543700
2213,2008-10-21,10.12,10.15,9.54,9.55,644800
2214,2008-10-22,9.37,9.65,8.28,8.42,897200
2215,2008-10-23,8.12,8.7,7.75,8.0,971300
2216,2008-10-24,7.47,8.34,6.24,7.99,885500
2217,2008-10-27,7.65,8.29,7.48,7.49,722100
2218,2008-10-28,7.54,8.25,7.31,8.21,1006200
2219,2008-10-29,8.15,9.57,7.73,9.1,1265500
2220,2008-10-30,9.33,9.95,9.32,9.84,1208700
2221,2008-10-31,9.81,10.31,9.7,10.25,494700
2222,2008-11-03,10.27,10.69,10.13,10.34,503300
2223,2008-11-04,10.51,10.54,9.95,10.39,1825200
2224,2008-11-05,10.24,10.24,9.56,9.56,1003600
2225,2008-11-06,9.23,9.5,8.59,8.63,1439400
2226,2008-11-07,8.57,8.87,7.75,8.25,961700
2227,2008-11-10,8.44,8.48,7.52,7.85,1721800
2228,2008-11-11,7.76,7.85,7.01,7.2,1256800
2229,2008-11-12,7.06,7.13,6.42,6.54,771900
2230,2008-11-13,6.6,6.66,6.27,6.66,1240800
2231,2008-11-14,6.58,6.73,6.26,6.26,1278700
2232,2008-11-17,6.22,6.41,5.84,5.9,849000
2233,2008-11-18,5.9,5.9,5.23,5.57,893100
2234,2008-11-19,5.56,5.84,4.94,4.94,989800
2235,2008-11-20,4.91,5.11,4.39,4.4,1172700
2236,2008-11-21,4.64,4.92,4.32,4.76,1137700
2237,2008-11-24,4.76,5.63,4.75,5.53,907100
2238,2008-11-25,5.61,6.71,5.53,6.67,1165400
2239,2008-11-26,6.7,7.77,6.26,7.74,1086300
2240,2008-11-28,7.51,8.12,7.5,8.07,354600
2241,2008-12-01,7.87,7.89,6.4,6.42,1172300
2242,2008-12-02,6.62,7.5,6.41,6.84,973200
2243,2008-12-03,6.75,7.17,5.88,7.17,1482500
2244,2008-12-04,7.1,7.22,5.39,6.09,1986000
2245,2008-12-05,6.0,6.34,5.69,6.34,1135800
2246,2008-12-08,6.7,7.24,6.64,6.98,1198900
2247,2008-12-09,6.92,7.59,6.8,7.05,874800
2248,2008-12-10,7.15,7.59,6.83,7.0,1296700
2249,2008-12-11,6.95,7.29,6.7,6.81,750600
2250,2008-12-12,6.6,7.05,6.54,6.98,671500
2251,2008-12-15,7.09,7.1,6.15,6.34,1063200
2252,2008-12-16,6.2,7.04,6.2,7.04,791300
2253,2008-12-17,7.01,8.19,6.73,7.96,1646200
2254,2008-12-18,7.85,8.41,7.85,8.36,1208900
2255,2008-12-19,8.52,9.09,8.2,8.38,1656700
2256,2008-12-22,7.81,8.4,7.67,8.1,588200
2257,2008-12-23,8.26,8.47,7.88,8.0,801000
2258,2008-12-24,8.08,8.47,7.88,8.11,367400
2259,2008-12-26,8.23,8.48,8.09,8.4,513000
2260,2008-12-29,8.32,8.33,7.8,7.98,488900
2261,2008-12-30,7.92,8.8,7.92,8.72,649400
2262,2008-12-31,8.77,9.25,8.59,9.12,617400
2263,2009-01-02,9.25,9.5,8.93,8.98,692500
2264,2009-01-05,8.91,9.02,8.47,8.71,704400
2265,2009-01-06,8.7,9.49,8.61,9.47,745300
2266,2009-01-07,9.08,9.17,8.3,8.71,695500
2267,2009-01-08,8.68,8.69,8.35,8.63,526200
2268,2009-01-09,8.65,8.67,8.01,8.01,695200
2269,2009-01-12,8.07,8.22,7.25,7.4,620600
2270,2009-01-13,7.3,7.43,6.99,7.09,800300
2271,2009-01-14,7.11,7.11,6.51,6.55,709300
2272,2009-01-15,6.55,6.68,6.14,6.59,913800
2273,2009-01-16,6.65,6.76,6.0,6.41,991300
2274,2009-01-20,6.33,6.34,5.64,5.7,1016100
2275,2009-01-21,5.74,6.1,5.65,6.07,775700
2276,2009-01-22,5.94,6.1,5.66,5.76,728000
2277,2009-01-23,5.6,5.94,5.22,5.74,649100
2278,2009-01-26,5.77,6.2,5.67,5.87,486300
2279,2009-01-27,5.86,6.1,5.77,6.02,394600
2280,2009-01-28,6.1,6.53,5.95,6.48,858200
2281,2009-01-29,6.4,6.4,5.86,5.93,685000
2282,2009-01-30,5.93,6.19,5.48,5.58,736000
2283,2009-02-02,5.48,5.48,5.18,5.28,590900
2284,2009-02-03,5.18,5.52,5.06,5.43,616300
2285,2009-02-04,5.45,5.64,5.38,5.41,590300
2286,2009-02-05,5.36,5.62,5.27,5.52,564300
2287,2009-02-06,5.55,5.92,5.53,5.9,722300
2288,2009-02-09,5.86,5.88,5.65,5.71,386800
2289,2009-02-10,5.67,5.79,5.08,5.13,806600
2290,2009-02-11,5.74,5.74,5.32,5.42,1030800
2291,2009-02-12,5.4,5.6,5.23,5.54,859500
2292,2009-02-13,5.49,5.5,5.25,5.26,484500
2293,2009-02-17,5.12,5.18,4.86,4.86,565100
2294,2009-02-18,4.97,5.05,4.71,5.02,658100
2295,2009-02-19,5.21,5.21,4.7,4.71,618200
2296,2009-02-20,4.61,4.78,4.44,4.7,566100
2297,2009-02-23,4.65,4.65,4.33,4.38,810700
2298,2009-02-24,4.45,4.67,4.45,4.52,765000
2299,2009-02-25,4.5,4.7,4.01,4.19,836900
2300,2009-02-26,4.73,4.73,3.89,4.19,2076000
2301,2009-02-27,4.1,4.25,3.81,4.05,1305200
2302,2009-03-02,3.95,3.98,3.76,3.78,877800
2303,2009-03-03,3.86,3.93,3.33,3.49,1494300
2304,2009-03-04,3.5,3.68,3.07,3.24,1777400
2305,2009-03-05,3.16,3.45,3.05,3.2,2500700
2306,2009-03-06,3.16,3.32,2.52,3.16,1455400
2307,2009-03-09,3.17,3.33,2.98,3.03,1427600
2308,2009-03-10,3.06,3.65,3.06,3.29,2125100
2309,2009-03-11,3.25,3.3,3.12,3.2,2073000
2310,2009-03-12,3.18,3.53,2.97,3.52,1020100
2311,2009-03-13,3.55,3.59,3.16,3.44,1102700
2312,2009-03-16,3.51,3.63,3.43,3.49,806400
2313,2009-03-17,3.5,3.75,3.39,3.7,763300
2314,2009-03-18,3.69,4.01,3.69,3.94,1119300
2315,2009-03-19,4.0,4.1,3.97,4.02,990900
2316,2009-03-20,4.0,4.04,3.65,3.72,1037200
2317,2009-03-23,3.72,4.12,3.72,4.11,887400
2318,2009-03-24,3.93,3.98,3.76,3.76,1079200
2319,2009-03-25,3.77,3.99,3.52,3.73,1231500
2320,2009-03-26,3.8,4.18,3.65,4.18,1241500
2321,2009-03-27,4.12,5.31,4.05,4.7,2571000
2322,2009-03-30,4.6,4.6,4.15,4.19,1429200
2323,2009-03-31,4.28,4.35,4.05,4.21,909700
2324,2009-04-01,4.12,4.4,3.99,4.29,1008000
2325,2009-04-02,4.41,4.9,4.37,4.67,1806000
2326,2009-04-03,4.7,4.7,4.36,4.59,739600
2327,2009-04-06,4.62,4.62,4.31,4.36,899100
2328,2009-04-07,4.29,4.33,4.06,4.06,1111600
2329,2009-04-08,4.06,4.37,4.06,4.19,629800
2330,2009-04-09,4.58,4.68,4.25,4.68,1102000
2331,2009-04-13,4.59,4.95,4.46,4.9,1171200
2332,2009-04-14,4.87,5.39,4.78,5.05,1525600
2333,2009-04-15,5.02,5.14,4.84,4.98,646400
2334,2009-04-16,5.05,5.27,4.96,5.18,1061800
2335,2009-04-17,5.2,5.54,5.2,5.47,835400
2336,2009-04-20,5.34,5.34,4.84,5.0,1100600
2337,2009-04-21,4.97,5.29,4.93,5.15,836800
2338,2009-04-22,5.09,5.64,5.02,5.57,1128900
2339,2009-04-23,5.7,5.82,5.52,5.71,1416300
2340,2009-04-24,5.75,6.24,5.69,6.07,1217600
2341,2009-04-27,6.02,6.14,5.88,6.01,1152300
2342,2009-04-28,5.94,6.27,5.81,6.11,1213000
2343,2009-04-29,6.12,6.59,6.0,6.42,1589400
2344,2009-04-30,5.98,6.24,5.7,6.06,2201100
2345,2009-05-01,6.02,6.17,5.75,5.79,1113800
2346,2009-05-04,5.97,6.07,5.74,6.04,1589700
2347,2009-05-05,6.14,6.25,5.86,5.92,1190200
2348,2009-05-06,6.09,6.14,5.83,6.01,821900
2349,2009-05-07,6.15,6.23,5.58,5.65,1067700
2350,2009-05-08,5.81,6.21,5.73,6.21,966800
2351,2009-05-11,6.04,6.15,5.75,5.84,1570900
2352,2009-05-12,5.89,5.96,5.48,5.62,937700
2353,2009-05-13,5.54,5.56,5.0,5.01,1703800
2354,2009-05-14,5.05,5.16,4.83,4.98,1595500
2355,2009-05-15,4.99,5.28,4.96,5.14,840200
2356,2009-05-18,5.2,5.28,5.02,5.23,774500
2357,2009-05-19,5.29,5.35,5.01,5.05,1084500
2358,2009-05-20,5.13,5.37,5.1,5.23,1806500
2359,2009-05-21,5.19,5.25,5.0,5.09,840000
2360,2009-05-22,5.1,5.15,4.96,4.98,486200
2361,2009-05-26,4.98,5.11,4.85,4.96,945800
2362,2009-05-27,4.95,5.13,4.81,4.83,612400
2363,2009-05-28,4.89,4.94,4.68,4.7,799600
2364,2009-05-29,4.72,4.9,4.7,4.75,730800
2365,2009-06-01,4.82,5.3,4.82,5.15,1463600
2366,2009-06-02,5.3,5.6,5.19,5.34,1859500
2367,2009-06-03,5.24,5.58,4.96,5.43,1911900
2368,2009-06-04,5.44,6.0,5.41,5.89,1602300
2369,2009-06-05,6.0,6.56,5.95,6.42,1736100
2370,2009-06-08,6.47,6.69,6.17,6.6,1753400
2371,2009-06-09,6.6,6.89,6.51,6.82,1332500
2372,2009-06-10,6.9,6.9,6.49,6.67,831300
2373,2009-06-11,6.67,6.85,6.57,6.8,1227300
2374,2009-06-12,6.73,6.88,6.68,6.8,1007300
2375,2009-06-15,6.74,6.76,6.26,6.31,1354800
2376,2009-06-16,6.39,6.66,5.94,6.23,1358900
2377,2009-06-17,6.28,6.57,6.19,6.4,1552500
2378,2009-06-18,6.4,6.49,6.11,6.24,953900
2379,2009-06-19,6.37,6.42,6.13,6.15,778800
2380,2009-06-22,6.1,6.14,5.77,5.83,1150500
2381,2009-06-23,5.88,6.12,5.7,5.75,925300
2382,2009-06-24,5.79,6.22,5.79,6.01,1238200
2383,2009-06-25,6.05,6.31,5.89,6.3,1278800
2384,2009-06-26,6.27,6.88,6.06,6.61,6870700
2385,2009-06-29,6.6,6.65,6.17,6.49,1437700
2386,2009-06-30,6.52,6.73,6.39,6.49,1192600
2387,2009-07-01,6.57,6.69,6.25,6.3,1318200
2388,2009-07-02,6.17,6.25,6.0,6.03,942700
2389,2009-07-06,5.98,6.12,5.58,5.74,1103200
2390,2009-07-07,5.72,5.77,5.46,5.47,976400
2391,2009-07-08,5.5,5.6,5.25,5.34,1197400
2392,2009-07-09,5.37,5.48,5.27,5.34,825700
2393,2009-07-10,5.28,5.51,5.27,5.4,663000
2394,2009-07-13,5.45,5.59,5.19,5.56,780500
2395,2009-07-14,5.55,5.89,5.55,5.72,577300
2396,2009-07-15,5.81,6.13,5.81,6.0,1291400
2397,2009-07-16,5.96,6.2,5.95,6.15,660100
2398,2009-07-17,6.13,6.18,5.94,6.02,714900
2399,2009-07-20,6.08,6.55,6.06,6.47,1000000
2400,2009-07-21,6.5,6.55,6.18,6.38,693900
2401,2009-07-22,6.34,6.5,6.19,6.35,1071600
2402,2009-07-23,6.44,6.77,6.36,6.65,937600
2403,2009-07-24,6.65,6.9,6.48,6.87,557400
2404,2009-07-27,6.88,6.9,6.45,6.82,770300
2405,2009-07-28,6.77,6.88,6.56,6.74,2006400
2406,2009-07-29,6.7,6.83,6.61,6.68,913200
2407,2009-07-30,6.74,7.48,6.61,7.12,3109500
2408,2009-07-31,7.19,7.7,7.16,7.47,1585700
2409,2009-08-03,7.58,7.71,7.32,7.66,987700
2410,2009-08-04,7.58,7.96,7.52,7.93,788600
2411,2009-08-05,7.95,7.96,7.67,7.84,845700
2412,2009-08-06,7.96,7.96,7.66,7.82,630600
2413,2009-08-07,8.0,8.43,7.98,8.35,1269900
2414,2009-08-10,8.26,8.38,8.1,8.23,533900
2415,2009-08-11,8.24,8.24,7.98,7.98,486800
2416,2009-08-12,7.92,8.4,7.8,8.22,851800
2417,2009-08-13,8.27,8.55,8.17,8.47,543000
2418,2009-08-14,8.45,8.45,8.08,8.19,654400
2419,2009-08-17,7.97,8.0,7.8,7.91,594300
2420,2009-08-18,7.94,8.35,7.81,8.14,678100
2421,2009-08-19,8.01,8.38,7.93,8.32,476800
2422,2009-08-20,8.35,8.66,8.24,8.64,438400
2423,2009-08-21,8.76,9.07,8.64,8.76,692100
2424,2009-08-24,8.75,9.32,8.7,9.05,714100
2425,2009-08-25,9.16,9.34,9.03,9.31,665300
2426,2009-08-26,9.22,9.36,8.98,9.32,530700
2427,2009-08-27,9.34,9.35,8.9,9.27,395500
2428,2009-08-28,9.42,9.45,9.11,9.32,482200
2429,2009-08-31,9.2,9.31,8.97,9.19,683000
2430,2009-09-01,9.1,9.35,8.9,9.16,1719600
2431,2009-09-02,9.1,9.26,8.73,9.21,721500
2432,2009-09-03,9.26,9.29,8.88,9.28,846200
2433,2009-09-04,9.26,9.37,9.08,9.32,780100
2434,2009-09-08,9.42,9.83,9.35,9.78,1258500
2435,2009-09-09,9.78,10.2,9.72,10.12,954600
2436,2009-09-10,10.11,10.16,9.63,9.89,1202500
2437,2009-09-11,9.91,10.16,9.88,10.16,887000
2438,2009-09-14,10.08,10.82,9.9,10.81,1507100
2439,2009-09-15,10.78,10.9,10.23,10.56,1978200
2440,2009-09-16,10.63,11.32,10.57,10.96,1258900
2441,2009-09-17,10.95,11.15,10.71,10.94,849000
2442,2009-09-18,11.01,11.04,10.7,10.93,841600
2443,2009-09-21,10.8,10.82,10.5,10.78,593900
2444,2009-09-22,10.91,11.16,10.76,11.02,556500
2445,2009-09-23,11.04,11.15,10.81,10.85,462000
2446,2009-09-24,10.86,11.01,10.39,10.48,732700
2447,2009-09-25,10.4,10.49,9.79,10.08,1165700
2448,2009-09-28,10.12,10.69,9.97,10.54,917400
2449,2009-09-29,10.48,10.89,10.44,10.76,518800
2450,2009-09-30,10.8,10.85,10.06,10.3,769800
2451,2009-10-01,10.23,10.27,9.68,9.73,945600
2452,2009-10-02,9.65,9.73,9.11,9.45,972800
2453,2009-10-05,9.5,9.75,9.39,9.61,678900
2454,2009-10-06,9.7,10.1,9.59,9.8,636500
2455,2009-10-07,9.73,9.8,9.41,9.46,484700
2456,2009-10-08,9.55,10.07,9.5,9.84,787900
2457,2009-10-09,9.86,10.0,9.75,9.94,383900
2458,2009-10-12,9.92,10.35,9.92,10.16,514400
2459,2009-10-13,10.17,10.35,9.79,10.23,773900
2460,2009-10-14,10.4,10.92,10.24,10.9,865400
2461,2009-10-15,10.75,10.95,10.53,10.83,678200
2462,2009-10-16,10.72,10.93,10.22,10.82,818000
2463,2009-10-19,10.99,11.1,10.82,10.9,501500
2464,2009-10-20,10.89,11.14,10.53,10.93,576300
2465,2009-10-21,10.92,11.53,10.92,10.96,832500
2466,2009-10-22,10.98,11.13,10.59,11.03,627000
2467,2009-10-23,11.07,11.14,10.45,10.56,595300
2468,2009-10-26,10.65,11.04,9.94,10.03,819900
2469,2009-10-27,10.0,10.15,9.79,9.97,615300
2470,2009-10-28,10.0,10.0,9.16,9.19,770300
2471,2009-10-29,9.34,10.29,9.25,9.89,2018800
2472,2009-10-30,9.93,10.06,9.49,9.49,1175200
2473,2009-11-02,9.53,9.64,8.95,9.12,816900
2474,2009-11-03,9.07,9.44,9.04,9.42,741800
2475,2009-11-04,9.54,9.65,9.26,9.27,491800
2476,2009-11-05,9.35,9.78,9.29,9.77,438300
2477,2009-11-06,9.53,9.85,9.47,9.7,352400
2478,2009-11-09,9.8,10.08,9.72,9.87,531500
2479,2009-11-10,8.99,9.26,8.76,8.89,3452200
2480,2009-11-11,8.8,8.89,8.62,8.71,6629600
2481,2009-11-12,8.68,8.83,8.61,8.69,3863300
2482,2009-11-13,8.76,9.02,8.66,8.92,1666300
2483,2009-11-16,9.57,9.73,9.2,9.3,2319700
2484,2009-11-17,9.3,9.48,9.1,9.35,722100
2485,2009-11-18,9.4,9.79,9.25,9.59,1421800
2486,2009-11-19,9.58,9.65,9.26,9.54,1697300
2487,2009-11-20,9.44,9.77,9.08,9.64,2178600
2488,2009-11-23,9.7,9.87,9.45,9.52,1532300
2489,2009-11-24,9.49,9.5,8.85,9.08,2793300
2490,2009-11-25,9.13,9.67,9.12,9.6,975100
2491,2009-11-27,9.29,9.48,9.05,9.19,352000
2492,2009-11-30,9.15,9.28,8.9,9.22,767600
2493,2009-12-01,9.35,9.48,9.12,9.23,706400
2494,2009-12-02,9.21,9.6,9.21,9.33,965000
2495,2009-12-03,9.42,9.75,9.29,9.4,929800
2496,2009-12-04,9.67,9.8,9.32,9.49,1256300
2497,2009-12-07,9.52,10.04,9.49,9.97,1373500
2498,2009-12-08,9.81,9.94,9.59,9.8,873300
2499,2009-12-09,9.81,9.84,9.33,9.8,778800
2500,2009-12-10,9.88,9.98,9.62,9.74,732600
2501,2009-12-11,9.86,10.11,9.83,10.02,960400
2502,2009-12-14,9.99,10.2,9.8,9.97,360500
2503,2009-12-15,9.9,10.16,9.86,9.95,596000
2504,2009-12-16,10.11,10.18,9.84,9.99,825100
2505,2009-12-17,9.82,9.99,9.57,9.68,648900
2506,2009-12-18,9.83,9.83,9.54,9.78,1289600
2507,2009-12-21,9.94,10.04,9.82,10.0,670600
2508,2009-12-22,10.06,10.23,10.01,10.19,715100
2509,2009-12-23,10.15,10.29,9.96,10.23,617600
2510,2009-12-24,10.19,10.32,10.13,10.26,334800
2511,2009-12-28,10.32,10.37,10.02,10.14,520100
2512,2009-12-29,10.15,10.21,10.03,10.06,508900
2513,2009-12-30,9.92,10.05,9.73,9.99,893700
2514,2009-12-31,9.99,10.09,9.77,9.81,779800
2515,2010-01-04,9.92,10.13,9.79,10.04,1692500
2516,2010-01-05,10.04,10.04,9.8,9.93,1459200
2517,2010-01-06,9.9,9.97,9.69,9.93,1072900
2518,2010-01-07,9.87,9.98,9.73,9.8,2052800
2519,2010-01-08,9.78,9.85,9.52,9.58,1399000
2520,2010-01-11,9.61,9.65,9.29,9.3,1570800
2521,2010-01-12,9.3,9.32,8.97,9.14,1666600
2522,2010-01-13,9.16,9.21,8.85,8.96,3644500
2523,2010-01-14,8.97,9.0,8.87,8.98,1102000
2524,2010-01-15,9.03,9.15,8.91,9.14,1683000
2525,2010-01-19,9.19,9.33,9.1,9.28,1929300
2526,2010-01-20,9.2,9.28,9.0,9.25,1465700
2527,2010-01-21,9.28,9.28,8.73,8.8,2489400
2528,2010-01-22,8.73,8.87,8.45,8.49,4160800
2529,2010-01-25,8.56,8.75,8.36,8.62,3592100
2530,2010-01-26,8.59,8.77,8.43,8.5,1005900
2531,2010-01-27,8.49,8.51,8.26,8.34,2403900
2532,2010-01-28,8.34,8.44,8.18,8.33,2354300
2533,2010-01-29,8.3,8.43,8.01,8.01,1727100
2534,2010-02-01,8.06,8.44,8.05,8.38,1465500
2535,2010-02-02,8.37,8.61,8.25,8.46,1937000
2536,2010-02-03,8.42,8.5,8.15,8.31,1484000
2537,2010-02-04,8.18,8.2,7.29,7.38,4219100
2538,2010-02-05,7.33,7.43,7.13,7.38,2973700
2539,2010-02-08,7.38,7.53,7.25,7.41,2475700
2540,2010-02-09,7.54,7.81,7.34,7.54,1831000
2541,2010-02-10,7.5,7.6,7.18,7.28,1747300
2542,2010-02-11,7.25,7.3,7.03,7.08,2456200
2543,2010-02-12,7.03,7.1,6.99,7.07,1658700
2544,2010-02-16,7.14,7.2,7.03,7.14,1078700
2545,2010-02-17,7.15,7.21,7.02,7.16,981700
2546,2010-02-18,7.14,7.17,6.93,7.02,1175100
2547,2010-02-19,6.96,7.06,6.87,7.03,2765200
2548,2010-02-22,7.09,7.46,6.99,7.44,2207600
2549,2010-02-23,7.44,7.47,7.24,7.29,991200
2550,2010-02-24,7.3,7.46,7.25,7.36,1566200
2551,2010-02-25,7.23,7.32,7.03,7.28,1366600
2552,2010-02-26,7.27,7.6,7.21,7.55,1162300
2553,2010-03-01,7.57,7.97,7.56,7.8,1881800
2554,2010-03-02,7.86,8.15,7.8,8.02,2345000
2555,2010-03-03,8.04,8.19,7.67,7.76,1627000
2556,2010-03-04,7.73,7.93,7.68,7.87,714000
2557,2010-03-05,8.0,8.31,7.92,8.28,1420600
2558,2010-03-08,8.29,8.35,8.11,8.18,633600
2559,2010-03-09,8.11,8.49,8.11,8.39,939300
2560,2010-03-10,8.38,8.64,8.29,8.5,1249500
2561,2010-03-11,8.29,8.52,8.11,8.47,556800
2562,2010-03-12,8.48,8.5,8.26,8.42,528700
2563,2010-03-15,8.34,8.42,8.13,8.25,713100
2564,2010-03-16,8.29,8.31,8.17,8.25,330800
2565,2010-03-17,8.25,8.33,8.17,8.25,567900
2566,2010-03-18,8.25,8.3,8.11,8.14,396600
2567,2010-03-19,7.96,8.28,7.94,7.96,836200
2568,2010-03-22,7.88,8.15,7.83,7.97,879000
2569,2010-03-23,8.0,8.41,8.0,8.39,1027100
2570,2010-03-24,8.35,8.49,8.25,8.46,1103400
2571,2010-03-25,8.52,8.7,8.41,8.41,1027800
2572,2010-03-26,8.37,8.65,8.31,8.4,695100
2573,2010-03-29,8.5,9.1,8.41,9.0,2384100
2574,2010-03-30,9.05,9.44,9.02,9.4,3247300
2575,2010-03-31,9.37,9.62,9.17,9.38,1734600
2576,2010-04-01,9.51,9.56,9.26,9.27,1442000
2577,2010-04-05,9.3,9.64,9.26,9.6,1275300
2578,2010-04-06,9.56,9.8,9.48,9.74,2087900
2579,2010-04-07,9.65,10.0,9.65,9.83,1754900
2580,2010-04-08,9.69,9.86,9.39,9.82,2041300
2581,2010-04-09,9.83,10.48,9.76,10.46,3694700
2582,2010-04-12,10.37,10.45,10.16,10.2,1985800
2583,2010-04-13,10.22,10.54,10.12,10.47,1783000
2584,2010-04-14,10.5,10.84,10.42,10.78,1508000
2585,2010-04-15,10.71,11.05,10.71,10.94,2356000
2586,2010-04-16,10.86,11.02,10.53,10.63,1306700
2587,2010-04-19,10.53,10.8,10.53,10.73,1309700
2588,2010-04-20,10.77,10.93,10.54,10.73,2109700
2589,2010-04-21,10.75,10.76,10.35,10.7,1882300
2590,2010-04-22,10.65,12.61,10.45,12.51,6920000
2591,2010-04-23,12.49,13.35,12.42,13.14,3902600
2592,2010-04-26,13.08,13.94,13.08,13.82,3153400
2593,2010-04-27,13.75,13.95,13.13,13.22,3916900
2594,2010-04-28,13.35,13.83,13.12,13.3,1827400
2595,2010-04-29,13.33,14.69,13.33,14.46,4978600
2596,2010-04-30,14.44,14.79,14.33,14.36,2752800
2597,2010-05-03,14.48,14.7,14.31,14.59,1403700
2598,2010-05-04,14.27,14.27,13.7,13.9,2395700
2599,2010-05-05,13.59,13.8,13.14,13.3,2699200
2600,2010-05-06,13.13,13.6,11.37,12.58,1824200
2601,2010-05-07,12.6,12.75,11.99,12.12,2860700
2602,2010-05-10,12.58,13.48,12.58,13.34,1794600
2603,2010-05-11,13.1,13.9,12.88,13.46,1740400
2604,2010-05-12,13.51,14.29,13.51,14.01,2087600
2605,2010-05-13,14.01,14.55,13.91,14.2,1554100
2606,2010-05-14,14.02,14.12,13.27,13.56,1534500
2607,2010-05-17,13.66,13.92,12.92,13.38,1138500
2608,2010-05-18,13.5,13.84,13.17,13.31,1464900
2609,2010-05-19,13.43,13.43,12.37,12.61,2051300
2610,2010-05-20,12.15,12.42,11.61,11.61,3012800
2611,2010-05-21,11.4,12.21,11.2,11.81,2038300
2612,2010-05-24,11.77,12.28,11.77,11.89,1598100
2613,2010-05-25,11.34,11.51,10.88,11.51,2319100
2614,2010-05-26,11.55,12.17,11.51,11.7,1302600
2615,2010-05-27,12.05,12.41,11.85,12.41,1229200
2616,2010-05-28,12.33,12.61,12.08,12.15,1409400
2617,2010-06-01,12.0,12.63,11.7,12.21,2426000
2618,2010-06-02,12.36,12.62,12.23,12.62,1069400
2619,2010-06-03,12.48,12.7,12.29,12.55,737900
2620,2010-06-04,12.18,12.33,11.64,11.65,1570100
2621,2010-06-07,11.66,11.8,11.08,11.17,1589400
2622,2010-06-08,11.25,11.41,10.77,10.83,1615200
2623,2010-06-09,10.91,11.63,10.87,10.97,3338700
2624,2010-06-10,11.23,11.46,11.14,11.4,1561500
2625,2010-06-11,11.12,11.7,11.0,11.7,2465000
2626,2010-06-14,11.93,12.22,11.76,11.83,1067700
2627,2010-06-15,12.0,12.65,11.91,12.61,2409800
2628,2010-06-16,12.5,12.74,12.3,12.63,1202000
2629,2010-06-17,12.64,12.7,12.17,12.52,812400
2630,2010-06-18,12.57,12.77,11.92,12.48,1176300
2631,2010-06-21,12.75,13.07,12.09,12.23,933500
2632,2010-06-22,12.24,12.39,11.44,11.52,1422000
2633,2010-06-23,11.56,11.56,10.83,10.98,2276500
2634,2010-06-24,10.8,10.94,10.43,10.46,2131500
2635,2010-06-25,10.46,10.76,10.13,10.68,2535500
2636,2010-06-28,10.69,10.92,10.5,10.53,1034200
2637,2010-06-29,10.23,10.24,9.39,9.51,3178800
2638,2010-06-30,9.53,9.75,9.28,9.32,1350900
2639,2010-07-01,9.32,9.35,8.55,8.91,2975300
2640,2010-07-02,8.99,8.99,8.43,8.53,1500500
2641,2010-07-06,8.75,8.87,8.2,8.29,2416900
2642,2010-07-07,8.34,8.93,8.22,8.83,1554900
2643,2010-07-08,8.95,9.12,8.87,9.1,1164500
2644,2010-07-09,9.24,9.84,9.21,9.59,2278500
2645,2010-07-12,9.52,9.71,9.27,9.51,939300
2646,2010-07-13,9.77,10.3,9.72,10.17,2335000
2647,2010-07-14,10.01,10.46,10.01,10.43,1939900
2648,2010-07-15,10.42,10.61,10.14,10.57,2146300
2649,2010-07-16,10.44,10.5,10.13,10.25,2535300
2650,2010-07-19,10.31,10.4,10.06,10.4,2388200
2651,2010-07-20,10.15,10.61,10.05,10.57,2442100
2652,2010-07-21,11.93,12.31,11.53,11.85,10937000
2653,2010-07-22,11.86,12.79,11.86,12.5,4350700
2654,2010-07-23,12.4,12.9,12.39,12.85,2476900
2655,2010-07-26,12.78,13.67,12.71,13.22,2563200
2656,2010-07-27,13.43,13.57,12.86,13.1,1797600
2657,2010-07-28,13.07,13.23,12.69,12.76,2351600
2658,2010-07-29,12.97,13.43,12.75,13.11,2285100
2659,2010-07-30,12.85,13.38,12.73,13.18,1341400
2660,2010-08-02,13.52,13.7,13.19,13.37,1379700
2661,2010-08-03,13.2,13.61,13.06,13.4,1773000
2662,2010-08-04,13.4,13.98,13.39,13.89,1685400
2663,2010-08-05,13.69,13.69,13.28,13.41,1312700
2664,2010-08-06,13.42,13.68,12.9,13.47,1310500
2665,2010-08-09,13.57,13.76,13.43,13.73,723500
2666,2010-08-10,13.46,13.63,12.89,13.21,1202000
2667,2010-08-11,12.77,12.78,12.16,12.26,1790100
2668,2010-08-12,11.93,12.12,11.69,12.09,3415700
2669,2010-08-13,12.0,12.17,11.93,12.03,713800
2670,2010-08-16,11.86,12.35,11.81,12.26,894700
2671,2010-08-17,12.45,12.89,12.36,12.62,837800
2672,2010-08-18,12.54,13.08,12.33,12.95,1137200
2673,2010-08-19,12.85,12.88,12.55,12.8,1379800
2674,2010-08-20,12.69,12.88,12.35,12.41,1118200
2675,2010-08-23,12.6,12.73,11.89,11.93,1538400
2676,2010-08-24,11.68,11.82,11.33,11.61,1234300
2677,2010-08-25,11.41,11.58,11.11,11.5,982700
2678,2010-08-26,11.53,11.89,11.26,11.31,658800
2679,2010-08-27,11.48,11.89,11.04,11.84,948800
2680,2010-08-30,11.7,11.77,11.22,11.23,1028100
2681,2010-08-31,11.12,11.43,10.89,11.25,1071100
2682,2010-09-01,11.48,11.95,11.3,11.93,2020700
2683,2010-09-02,11.92,12.46,11.82,12.39,1057200
2684,2010-09-03,12.75,13.08,12.7,12.93,1624400
2685,2010-09-07,12.81,12.92,12.6,12.64,1043400
2686,2010-09-08,12.66,13.17,12.59,13.06,1261400
2687,2010-09-09,13.35,13.52,13.06,13.11,726600
2688,2010-09-10,13.14,13.77,13.09,13.66,1079100
2689,2010-09-13,13.78,14.05,13.72,13.8,1561100
2690,2010-09-14,13.73,14.07,13.51,13.97,1301600
2691,2010-09-15,13.91,14.03,13.69,13.95,718800
2692,2010-09-16,13.89,14.0,13.44,13.89,1020600
2693,2010-09-17,14.01,14.28,13.71,14.01,1344100
2694,2010-09-20,14.09,14.52,13.94,14.48,1256900
2695,2010-09-21,14.5,14.9,14.34,14.38,1658600
2696,2010-09-22,14.27,14.62,14.25,14.35,1209900
2697,2010-09-23,14.13,14.53,13.92,14.06,1038000
2698,2010-09-24,14.35,14.53,14.34,14.52,2190300
2699,2010-09-27,14.55,14.75,14.42,14.63,1775200
2700,2010-09-28,14.63,14.82,14.29,14.8,1729800
2701,2010-09-29,14.74,14.9,14.45,14.79,1395100
2702,2010-09-30,14.91,15.41,14.48,14.84,1364600
2703,2010-10-01,14.98,15.11,14.57,14.95,1378700
2704,2010-10-04,14.91,15.01,14.46,14.53,1733000
2705,2010-10-05,14.78,14.99,14.59,14.87,2638300
2706,2010-10-06,14.89,15.05,14.48,14.69,2252800
2707,2010-10-07,14.83,14.99,14.49,14.89,2207500
2708,2010-10-08,14.88,15.28,14.68,14.78,2904800
2709,2010-10-11,14.82,15.3,14.7,15.05,2683800
2710,2010-10-12,15.19,16.26,15.19,16.07,6336100
2711,2010-10-13,16.27,16.709999,16.1,16.440001,3533100
2712,2010-10-14,16.469999,16.49,15.92,16.459999,1480100
2713,2010-10-15,16.85,16.950001,16.120001,16.280001,1603600
2714,2010-10-18,16.280001,16.75,16.120001,16.66,1507500
2715,2010-10-19,16.360001,16.379999,15.79,16.0,2454000
2716,2010-10-20,17.23,18.0,16.75,17.6,8971100
2717,2010-10-21,17.9,18.690001,17.690001,18.32,6289600
2718,2010-10-22,18.33,18.530001,17.75,18.469999,2660700
2719,2010-10-25,18.610001,19.030001,18.52,18.860001,3107200
2720,2010-10-26,18.68,19.129999,18.440001,18.6,1725200
2721,2010-10-27,18.52,18.940001,18.27,18.870001,1414200
2722,2010-10-28,19.059999,19.139999,18.459999,18.5,1913200
2723,2010-10-29,18.43,18.870001,18.299999,18.790001,728600
2724,2010-11-01,18.98,19.26,18.719999,18.940001,1609400
2725,2010-11-02,19.27,19.549999,19.1,19.370001,1388500
2726,2010-11-03,19.4,19.549999,19.07,19.360001,1184400
2727,2010-11-04,19.700001,20.129999,19.57,19.940001,1438000
2728,2010-11-05,20.049999,20.299999,19.799999,20.059999,1287800
2729,2010-11-08,19.879999,20.379999,19.809999,20.34,949800
2730,2010-11-09,20.49,20.75,20.0,20.18,1311300
2731,2010-11-10,20.129999,20.4,19.709999,20.379999,894700
2732,2010-11-11,19.950001,20.34,19.58,20.219999,1649400
2733,2010-11-12,20.030001,20.52,19.24,19.639999,3095900
2734,2010-11-15,19.889999,20.450001,19.75,19.780001,1953000
2735,2010-11-16,19.809999,19.809999,18.85,19.059999,2246300
2736,2010-11-17,19.049999,19.76,19.049999,19.59,1549600
2737,2010-11-18,20.15,20.280001,19.83,19.84,1330600
2738,2010-11-19,19.73,20.07,19.639999,19.870001,743700
2739,2010-11-22,19.68,19.969999,19.49,19.91,925300
2740,2010-11-23,19.530001,20.01,19.43,19.84,1626600
2741,2010-11-24,20.059999,20.77,19.99,20.620001,980400
2742,2010-11-26,20.139999,20.690001,20.059999,20.549999,359400
2743,2010-11-29,20.379999,20.57,19.85,20.190001,883400
2744,2010-11-30,19.85,20.09,19.389999,19.620001,1172100
2745,2010-12-01,20.139999,20.4,19.809999,20.219999,1154100
2746,2010-12-02,20.309999,20.92,20.26,20.799999,1454000
2747,2010-12-03,20.620001,21.530001,20.540001,21.41,1209200
2748,2010-12-06,21.219999,21.790001,21.209999,21.629999,953400
2749,2010-12-07,22.0,22.299999,21.459999,21.610001,2562200
2750,2010-12-08,22.040001,23.120001,21.860001,22.66,2649000
2751,2010-12-09,22.950001,23.4,22.67,23.08,2953600
2752,2010-12-10,23.219999,23.690001,23.01,23.51,1348100
2753,2010-12-13,23.6,23.65,22.57,22.66,1674000
2754,2010-12-14,22.889999,23.120001,22.389999,22.459999,1251100
2755,2010-12-15,22.459999,22.73,21.629999,21.950001,1492400
2756,2010-12-16,21.959999,22.67,21.870001,22.5,1334100
2757,2010-12-17,22.57,22.57,22.0,22.16,1271800
2758,2010-12-20,22.290001,22.370001,21.93,22.26,776100
2759,2010-12-21,21.66,22.950001,21.58,22.83,1150900
2760,2010-12-22,22.91,23.059999,22.32,22.65,1036400
2761,2010-12-23,22.780001,22.91,22.48,22.75,805400
2762,2010-12-27,22.6,22.83,22.360001,22.719999,541800
2763,2010-12-28,22.74,22.77,22.370001,22.709999,878500
2764,2010-12-29,22.74,22.99,22.549999,22.719999,803900
2765,2010-12-30,22.65,22.99,22.6,22.75,568600
2766,2010-12-31,22.700001,23.040001,22.67,22.75,610200
2767,2011-01-03,23.139999,23.24,22.66,22.870001,1560400
2768,2011-01-04,23.120001,23.77,22.870001,23.690001,2784700
2769,2011-01-05,23.549999,24.65,23.48,24.48,1887700
2770,2011-01-06,24.59,24.98,24.41,24.459999,1879000
2771,2011-01-07,24.67,25.49,24.66,25.25,3414300
2772,2011-01-10,25.1,25.450001,24.76,25.18,1575500
2773,2011-01-11,25.43,25.49,24.889999,25.110001,1642100
2774,2011-01-12,25.43,25.469999,24.950001,25.110001,1497000
2775,2011-01-13,25.16,26.07,25.030001,25.549999,2031900
2776,2011-01-14,25.549999,26.57,25.540001,26.49,1766600
2777,2011-01-18,26.27,26.93,26.09,26.440001,1562700
2778,2011-01-19,26.450001,26.59,25.23,25.450001,2017700
2779,2011-01-20,25.25,25.870001,24.809999,24.889999,1666300
2780,2011-01-21,25.209999,25.690001,24.92,25.299999,1345500
2781,2011-01-24,25.15,26.280001,25.15,26.120001,1657400
2782,2011-01-25,25.98,26.450001,25.84,26.17,1502000
2783,2011-01-26,26.26,27.52,26.030001,27.370001,2236400
2784,2011-01-27,27.49,27.84,27.18,27.709999,1608600
2785,2011-01-28,27.639999,27.709999,26.17,26.49,2533700
2786,2011-01-31,26.6,27.23,26.530001,26.65,1977500
2787,2011-02-01,27.24,27.66,26.77,27.530001,2931500
2788,2011-02-02,27.76,29.93,27.639999,28.700001,5007300
2789,2011-02-03,28.52,29.879999,28.15,29.77,2419700
2790,2011-02-04,29.700001,30.530001,29.690001,30.5,2360000
2791,2011-02-07,30.309999,31.57,30.23,31.139999,3351400
2792,2011-02-08,31.139999,31.190001,30.629999,30.9,4791700
2793,2011-02-09,30.940001,31.620001,30.559999,31.139999,1848800
2794,2011-02-10,30.879999,31.610001,30.74,31.58,1412600
2795,2011-02-11,31.5,31.98,31.15,31.25,1477500
2796,2011-02-14,32.110001,33.630001,31.459999,32.970001,2092800
2797,2011-02-15,32.639999,32.759998,32.060001,32.169998,1316800
2798,2011-02-16,32.400002,33.009998,32.380001,32.470001,1111400
2799,2011-02-17,32.43,33.360001,32.279999,33.18,1097800
2800,2011-02-18,33.34,33.369999,32.57,32.650002,1885300
2801,2011-02-22,32.07,32.580002,30.790001,31.290001,1618400
2802,2011-02-23,31.41,31.469999,29.32,30.42,2600100
2803,2011-02-24,30.51,30.9,29.42,30.030001,2890100
2804,2011-02-25,30.9,32.310001,30.639999,32.189999,2777200
2805,2011-02-28,32.310001,32.66,30.59,30.98,1779400
2806,2011-03-01,31.129999,31.18,29.950001,30.24,1759500
2807,2011-03-02,30.290001,31.219999,29.93,31.07,1986400
2808,2011-03-03,31.75,32.950001,31.75,32.060001,1458400
2809,2011-03-04,31.969999,32.290001,31.459999,31.77,719600
2810,2011-03-07,31.83,32.0,30.34,31.1,1643900
2811,2011-03-08,31.120001,31.9,30.66,31.49,1074400
2812,2011-03-09,31.299999,31.41,30.85,31.16,1015800
2813,2011-03-10,30.6,30.66,29.75,30.040001,1889700
2814,2011-03-11,30.0,30.6,29.690001,30.4,1169400
2815,2011-03-14,29.790001,30.5,29.4,30.370001,1442100
2816,2011-03-15,28.940001,30.68,28.799999,30.370001,1294600
2817,2011-03-16,30.41,31.52,29.84,30.290001,1777700
2818,2011-03-17,31.040001,31.5,30.75,30.860001,1644500
2819,2011-03-18,31.4,31.780001,30.49,30.52,1781900
2820,2011-03-21,31.17,31.969999,30.969999,31.83,2377200
2821,2011-03-22,32.0,32.150002,30.99,31.139999,690500
2822,2011-03-23,30.92,31.82,30.370001,31.360001,976800
2823,2011-03-24,31.75,32.029999,31.190001,31.9,1741900
2824,2011-03-25,32.029999,33.139999,31.790001,32.48,1385800
2825,2011-03-28,32.599998,32.709999,32.060001,32.360001,894800
2826,2011-03-29,32.400002,32.619999,31.860001,32.400002,1076500
2827,2011-03-30,32.599998,33.060001,32.419998,32.720001,652800
2828,2011-03-31,32.709999,33.419998,32.68,33.279999,945100
2829,2011-04-01,33.720001,34.130001,33.16,33.779999,1395000
2830,2011-04-04,34.02,34.110001,33.529999,33.73,2370300
2831,2011-04-05,33.610001,34.34,33.490002,34.09,1400600
2832,2011-04-06,34.52,34.779999,33.41,33.810001,2320900
2833,2011-04-07,33.75,33.849998,32.619999,33.0,1504900
2834,2011-04-08,33.990002,33.990002,31.85,32.279999,1493400
2835,2011-04-11,32.130001,32.279999,31.620001,31.879999,1116700
2836,2011-04-12,31.639999,31.940001,31.200001,31.43,1401500
2837,2011-04-13,31.799999,32.049999,31.42,31.719999,958400
2838,2011-04-14,31.209999,31.719999,30.98,31.559999,1448200
2839,2011-04-15,31.629999,32.32,31.42,32.029999,1285400
2840,2011-04-18,31.389999,31.6,30.059999,30.65,2057300
2841,2011-04-19,30.91,31.58,30.879999,31.5,2291200
2842,2011-04-20,30.389999,30.5,27.799999,28.370001,11050300
2843,2011-04-21,28.59,30.32,28.530001,29.719999,3966500
2844,2011-04-25,29.67,29.76,29.0,29.15,1638700
2845,2011-04-26,29.209999,29.950001,29.110001,29.360001,2093900
2846,2011-04-27,29.34,29.74,28.459999,29.5,1951100
2847,2011-04-28,29.49,29.559999,28.82,28.969999,1041700
2848,2011-04-29,29.290001,29.530001,28.780001,29.42,1388400
2849,2011-05-02,29.57,29.870001,29.120001,29.25,1325300
2850,2011-05-03,29.07,29.209999,27.860001,28.32,1746500
2851,2011-05-04,28.379999,28.389999,26.889999,27.360001,2334600
2852,2011-05-05,27.16,28.15,26.83,27.33,1620400
2853,2011-05-06,27.950001,28.57,27.5,27.639999,1432300
2854,2011-05-09,27.389999,27.75,27.0,27.27,1460600
2855,2011-05-10,27.48,28.280001,27.48,28.059999,1371800
2856,2011-05-11,27.879999,28.02,26.83,27.129999,1246800
2857,2011-05-12,26.99,27.09,26.58,26.67,1516700
2858,2011-05-13,26.75,26.92,25.82,26.07,2338600
2859,2011-05-16,25.91,26.51,25.73,25.950001,1519600
2860,2011-05-17,25.690001,25.870001,24.91,25.059999,2503700
2861,2011-05-18,25.16,25.889999,25.08,25.610001,2112500
2862,2011-05-19,25.870001,26.0,25.4,25.549999,1843000
2863,2011-05-20,25.4,25.5,24.889999,25.17,1383100
2864,2011-05-23,24.58,24.73,24.26,24.42,1729200
2865,2011-05-24,24.42,24.969999,24.219999,24.24,1097400
2866,2011-05-25,24.35,25.34,24.280001,25.190001,1611700
2867,2011-05-26,24.98,25.5,24.84,25.440001,1082200
2868,2011-05-27,25.540001,26.25,25.540001,25.690001,1203600
2869,2011-05-31,26.08,27.43,26.08,27.34,2723700
2870,2011-06-01,27.25,27.25,25.42,25.549999,2069400
2871,2011-06-02,25.91,25.98,25.17,25.43,1586800
2872,2011-06-03,24.809999,25.379999,24.469999,24.6,2121600
2873,2011-06-06,24.6,24.91,23.76,23.9,1204800
2874,2011-06-07,24.139999,24.440001,23.66,23.68,1070200
2875,2011-06-08,23.5,23.709999,22.129999,22.18,3374800
2876,2011-06-09,22.17,23.34,22.15,22.83,3251900
2877,2011-06-10,22.620001,22.77,22.24,22.32,1573100
2878,2011-06-13,22.370001,22.889999,22.32,22.5,1948800
2879,2011-06-14,22.91,24.219999,22.65,23.959999,2811100
2880,2011-06-15,23.700001,24.48,23.049999,23.209999,2480400
2881,2011-06-16,23.200001,23.65,22.969999,23.24,1908900
2882,2011-06-17,23.67,23.9,23.110001,23.25,1550700
2883,2011-06-20,23.17,23.51,22.77,23.209999,2064100
2884,2011-06-21,23.51,24.629999,23.51,24.15,2371700
2885,2011-06-22,24.040001,24.799999,23.950001,24.120001,2130500
2886,2011-06-23,23.67,23.99,23.190001,23.780001,2037200
2887,2011-06-24,23.85,24.110001,22.889999,22.959999,1898900
2888,2011-06-27,22.98,23.450001,22.68,23.23,1060300
2889,2011-06-28,23.360001,24.42,23.35,24.379999,1739600
2890,2011-06-29,24.33,24.58,23.98,24.41,1721600
2891,2011-06-30,24.469999,25.629999,24.34,25.4,1610800
2892,2011-07-01,25.49,26.889999,25.25,26.690001,2278000
2893,2011-07-05,26.629999,26.799999,25.719999,25.85,1359300
2894,2011-07-06,25.809999,25.809999,25.0,25.15,2372300
2895,2011-07-07,25.549999,27.209999,25.549999,26.620001,2998100
2896,2011-07-08,26.27,26.27,25.48,25.93,1737800
2897,2011-07-11,25.33,25.59,24.58,24.860001,1383000
2898,2011-07-12,24.780001,25.190001,24.530001,24.620001,913900
2899,2011-07-13,24.65,24.870001,23.690001,23.809999,3256000
2900,2011-07-14,23.93,24.299999,23.049999,23.290001,1784500
2901,2011-07-15,23.51,23.51,22.799999,23.01,1883900
2902,2011-07-18,22.91,23.02,21.98,22.34,2289500
2903,2011-07-19,22.700001,23.23,22.440001,23.01,3053500
2904,2011-07-20,23.9,25.68,23.66,24.860001,5739700
2905,2011-07-21,25.129999,25.809999,24.99,25.639999,2941800
2906,2011-07-22,25.66,26.93,25.24,26.49,2802600
2907,2011-07-25,26.01,26.32,25.530001,25.65,1606800
2908,2011-07-26,25.459999,25.610001,24.879999,25.219999,2195500
2909,2011-07-27,24.870001,24.9,23.58,23.790001,2322400
2910,2011-07-28,23.77,24.309999,23.200001,23.27,2169500
2911,2011-07-29,22.84,23.35,22.049999,23.01,2941200
2912,2011-08-01,23.58,23.629999,21.549999,22.379999,3317700
2913,2011-08-02,22.040001,22.35,20.5,20.75,4897800
2914,2011-08-03,20.59,21.02,19.82,20.5,3194800
2915,2011-08-04,20.0,20.0,17.370001,17.440001,6877000
2916,2011-08-05,18.370001,18.92,17.26,17.65,4764400
2917,2011-08-08,17.370001,17.370001,14.51,14.75,7781500
2918,2011-08-09,15.25,16.290001,14.3,15.74,4028600
2919,2011-08-10,15.06,15.44,14.6,14.64,4265000
2920,2011-08-11,14.85,16.440001,14.7,16.129999,3623600
2921,2011-08-12,16.700001,17.190001,16.42,16.9,3677000
2922,2011-08-15,17.07,17.68,17.07,17.41,3074100
2923,2011-08-16,17.200001,17.719999,17.049999,17.1,2160100
2924,2011-08-17,17.200001,17.450001,16.530001,16.790001,1983100
2925,2011-08-18,15.42,15.78,13.7,14.19,5430000
2926,2011-08-19,13.79,14.58,12.81,13.11,4021700
2927,2011-08-22,13.49,13.65,12.92,13.34,3627000
2928,2011-08-23,13.44,14.32,13.16,14.3,2302700
2929,2011-08-24,14.25,14.82,14.07,14.65,1788700
2930,2011-08-25,14.82,15.34,14.57,14.95,3800700
2931,2011-08-26,14.68,16.4,14.41,16.209999,3851300
2932,2011-08-29,16.540001,17.24,16.450001,17.18,2070800
2933,2011-08-30,17.02,17.200001,16.459999,16.950001,2302600
2934,2011-08-31,17.15,17.459999,16.370001,16.68,3489600
2935,2011-09-01,16.85,17.25,16.43,16.48,2410100
2936,2011-09-02,15.93,16.139999,15.23,15.51,1991000
2937,2011-09-06,14.48,15.68,14.48,15.61,2284400
2938,2011-09-07,16.040001,17.75,15.9,17.25,3951500
2939,2011-09-08,17.0,17.440001,16.639999,16.75,2420800
2940,2011-09-09,16.4,16.52,15.61,15.87,2942000
2941,2011-09-12,15.47,16.02,15.11,15.64,3047700
2942,2011-09-13,15.81,16.700001,15.8,16.5,3235100
2943,2011-09-14,16.77,17.84,16.59,17.48,3566200
2944,2011-09-15,17.790001,18.25,17.25,18.23,2439100
2945,2011-09-16,18.540001,18.73,17.959999,18.67,4829400
2946,2011-09-19,17.959999,18.66,17.57,18.34,3305700
2947,2011-09-20,18.42,19.120001,17.799999,17.870001,2310100
2948,2011-09-21,17.9,18.08,16.559999,16.68,2331700
2949,2011-09-22,15.8,16.450001,15.17,15.78,3304100
2950,2011-09-23,15.7,16.360001,15.55,16.110001,2919700
2951,2011-09-26,16.450001,17.08,15.74,17.02,1530400
2952,2011-09-27,17.639999,18.5,17.5,17.870001,3233900
2953,2011-09-28,18.0,18.209999,17.129999,17.16,2605400
2954,2011-09-29,17.790001,18.030001,16.65,17.17,2313700
2955,2011-09-30,16.719999,17.530001,16.51,16.84,2508300
2956,2011-10-03,16.65,17.299999,15.74,15.86,3672700
2957,2011-10-04,15.57,17.780001,15.14,17.75,3400000
2958,2011-10-05,17.75,19.07,17.620001,18.9,3284600
2959,2011-10-06,18.84,20.23,18.629999,20.040001,3696400
2960,2011-10-07,20.18,20.549999,19.1,19.620001,3120200
2961,2011-10-10,20.26,20.969999,19.780001,20.35,2221500
2962,2011-10-11,20.02,20.93,20.0,20.540001,2643900
2963,2011-10-12,20.84,21.200001,20.48,20.57,3011700
2964,2011-10-13,20.370001,21.139999,20.18,20.92,2119900
2965,2011-10-14,21.41,22.01,21.25,21.5,1832800
2966,2011-10-17,21.309999,21.43,20.110001,20.24,2609500
2967,2011-10-18,20.1,21.190001,19.76,21.059999,4172500
2968,2011-10-19,22.940001,24.4,22.450001,23.219999,8297800
2969,2011-10-20,23.17,24.540001,22.959999,24.120001,3867200
2970,2011-10-21,24.66,24.76,23.120001,24.01,2614800
2971,2011-10-24,24.17,25.23,24.16,24.82,2042000
2972,2011-10-25,24.51,24.790001,23.48,23.52,2392900
2973,2011-10-26,24.02,24.25,22.610001,23.629999,3782700
2974,2011-10-27,24.91,25.290001,24.49,24.75,3576600
2975,2011-10-28,24.440001,24.940001,23.83,24.360001,2295300
2976,2011-10-31,23.870001,24.110001,23.299999,23.41,1893500
2977,2011-11-01,22.540001,23.58,22.299999,22.68,2803300
2978,2011-11-02,23.23,23.799999,22.959999,23.49,1629000
2979,2011-11-03,23.99,24.809999,23.389999,24.67,3196400
2980,2011-11-04,24.26,24.879999,23.9,24.6,1051900
2981,2011-11-07,24.540001,24.68,23.719999,24.41,994900
2982,2011-11-08,24.540001,25.48,24.309999,25.4,2110800
2983,2011-11-09,24.34,25.299999,23.76,23.940001,2705300
2984,2011-11-10,24.5,26.200001,24.4,25.82,3591200
2985,2011-11-11,26.24,26.6,25.99,26.440001,2053800
2986,2011-11-14,26.299999,26.57,25.82,26.23,959400
2987,2011-11-15,26.07,26.84,25.799999,26.66,1039900
2988,2011-11-16,26.280001,27.32,26.200001,26.459999,1838700
2989,2011-11-17,26.5,26.709999,24.940001,25.190001,2498900
2990,2011-11-18,25.299999,25.85,25.07,25.4,1018600
2991,2011-11-21,24.6,25.26,24.540001,24.98,1575400
2992,2011-11-22,24.77,25.639999,24.75,25.129999,1150500
2993,2011-11-23,24.690001,24.83,23.969999,24.309999,1539300
2994,2011-11-25,24.139999,24.73,24.07,24.18,535500
2995,2011-11-28,25.219999,26.209999,25.08,25.690001,1557300
2996,2011-11-29,25.85,26.139999,25.540001,26.0,1541300
2997,2011-11-30,26.700001,28.23,26.540001,28.139999,3086100
2998,2011-12-01,28.120001,28.65,27.82,27.91,2000600
2999,2011-12-02,28.35,28.76,27.82,27.959999,1594500
3000,2011-12-05,28.549999,28.76,27.76,28.0,2068100
3001,2011-12-06,27.950001,28.0,27.0,27.49,1592500
3002,2011-12-07,27.190001,27.65,26.709999,27.450001,1327000
3003,2011-12-08,27.35,28.26,26.889999,27.15,2081600
3004,2011-12-09,27.200001,28.08,27.09,27.790001,921800
3005,2011-12-12,27.35,27.4,26.620001,27.23,995900
3006,2011-12-13,27.51,27.860001,25.91,26.27,1281600
3007,2011-12-14,25.959999,26.309999,25.440001,25.75,1833000
3008,2011-12-15,26.23,26.5,25.780001,26.040001,1378600
3009,2011-12-16,27.120001,28.0,26.0,27.889999,17228400
3010,2011-12-19,28.360001,29.0,28.17,28.309999,4968900
3011,2011-12-20,28.82,30.0,28.709999,29.860001,3125100
3012,2011-12-21,29.799999,30.58,29.35,30.299999,3822300
3013,2011-12-22,30.33,30.73,29.41,29.77,2519200
3014,2011-12-23,30.030001,30.5,29.719999,30.23,1747600
3015,2011-12-27,30.08,30.42,29.690001,30.309999,1152500
3016,2011-12-28,30.190001,30.299999,29.0,29.379999,1519800
3017,2011-12-29,29.549999,30.0,29.379999,29.59,1038100
3018,2011-12-30,29.59,30.139999,29.290001,29.549999,956600
3019,2012-01-03,30.25,30.42,27.879999,28.959999,3900000
3020,2012-01-04,29.190001,29.969999,28.51,29.780001,3922600
3021,2012-01-05,29.440001,30.01,28.82,29.93,1979800
3022,2012-01-06,29.85,30.08,29.299999,29.629999,1581900
3023,2012-01-09,29.82,30.17,29.42,29.469999,1624900
3024,2012-01-10,30.43,32.209999,30.15,31.41,3441200
3025,2012-01-11,31.16,31.59,31.110001,31.27,989300
3026,2012-01-12,31.540001,31.74,30.67,31.25,1431900
3027,2012-01-13,30.639999,31.34,30.52,31.09,1141600
3028,2012-01-17,31.76,32.099998,31.459999,31.84,1959500
3029,2012-01-18,32.220001,35.029999,32.220001,34.77,6514200
3030,2012-01-19,34.900002,35.41,34.220001,34.689999,3139300
3031,2012-01-20,34.610001,34.810001,33.540001,34.48,2338400
3032,2012-01-23,34.450001,35.150002,33.259998,33.720001,2654800
3033,2012-01-24,33.549999,34.439999,32.84,33.970001,1872100
3034,2012-01-25,33.700001,34.959999,33.43,34.77,2996400
3035,2012-01-26,37.830002,38.619999,37.25,37.869999,7387500
3036,2012-01-27,37.860001,38.5,37.639999,38.43,3247200
3037,2012-01-30,37.790001,38.509998,37.470001,38.310001,1418000
3038,2012-01-31,38.5,38.599998,37.630001,38.240002,1738300
3039,2012-02-01,38.52,39.240002,38.130001,38.490002,2565800
3040,2012-02-02,38.630001,39.0,38.080002,38.48,2000900
3041,2012-02-03,39.299999,41.09,39.09,40.34,2500200
3042,2012-02-06,40.02,41.380001,39.610001,41.23,1928000
3043,2012-02-07,41.0,41.549999,40.509998,40.830002,1372600
3044,2012-02-08,41.139999,41.77,40.700001,41.48,1559200
3045,2012-02-09,41.77,41.900002,40.240002,40.759998,2544000
3046,2012-02-10,40.5,40.689999,39.049999,40.110001,2030700
3047,2012-02-13,41.080002,41.5,40.650002,41.27,1403500
3048,2012-02-14,40.84,41.389999,40.599998,41.189999,895200
3049,2012-02-15,41.439999,42.119999,40.23,40.41,1502300
3050,2012-02-16,40.509998,41.529999,40.0,41.25,1314700
3051,2012-02-17,41.5,41.700001,40.639999,40.68,996100
3052,2012-02-21,40.970001,41.110001,38.779999,39.5,2393900
3053,2012-02-22,39.630001,41.25,39.610001,41.150002,1755200
3054,2012-02-23,40.939999,42.099998,40.139999,42.0,1895400
3055,2012-02-24,42.59,44.099998,42.5,42.889999,2100100
3056,2012-02-27,42.57,43.93,42.439999,43.25,1507200
3057,2012-02-28,43.009998,43.369999,41.82,42.220001,1410100
3058,2012-02-29,42.490002,42.849998,41.43,41.68,1292300
3059,2012-03-01,42.07,43.220001,42.0,42.509998,2101700
3060,2012-03-02,42.52,43.310001,42.099998,43.299999,2269600
3061,2012-03-05,43.0,43.080002,42.110001,42.41,1518500
3062,2012-03-06,41.630001,42.040001,41.0,41.360001,1904200
3063,2012-03-07,41.740002,42.619999,41.360001,42.459999,1100600
3064,2012-03-08,42.790001,43.290001,42.529999,43.259998,1290200
3065,2012-03-09,43.259998,44.119999,42.57,42.880001,1341500
3066,2012-03-12,42.689999,42.82,41.700001,42.27,1635700
3067,2012-03-13,42.459999,43.209999,42.080002,43.139999,1345500
3068,2012-03-14,42.73,42.990002,42.369999,42.84,1371300
3069,2012-03-15,43.119999,43.580002,42.34,43.259998,1523800
3070,2012-03-16,43.349998,43.419998,42.18,42.580002,2054000
3071,2012-03-19,42.369999,42.599998,41.689999,42.07,2459000
3072,2012-03-20,41.610001,41.799999,40.830002,41.07,1365800
3073,2012-03-21,41.360001,42.77,41.25,42.32,2127600
3074,2012-03-22,41.869999,42.02,40.900002,41.599998,831200
3075,2012-03-23,41.549999,41.689999,40.259998,41.389999,1444300
3076,2012-03-26,41.849998,42.27,41.529999,42.09,1197600
3077,2012-03-27,42.209999,42.380001,41.68,42.150002,1349500
3078,2012-03-28,42.200001,42.599998,41.080002,42.380001,1793100
3079,2012-03-29,41.860001,43.119999,41.700001,42.82,1870300
3080,2012-03-30,43.25,43.5,42.259998,42.889999,1601000
3081,2012-04-02,42.91,44.400002,42.25,44.25,1648200
3082,2012-04-03,44.189999,45.080002,44.0,44.889999,3303800
3083,2012-04-04,44.27,44.27,42.540001,43.389999,2055700
3084,2012-04-05,43.029999,43.669998,42.610001,42.849998,1028100
3085,2012-04-09,41.279999,41.66,40.599998,41.5,2593500
3086,2012-04-10,41.330002,41.43,37.799999,38.610001,6061100
3087,2012-04-11,39.259998,39.75,38.450001,39.080002,1952000
3088,2012-04-12,39.09,40.919998,38.970001,40.650002,1921400
3089,2012-04-13,40.529999,40.68,40.080002,40.299999,1766800
3090,2012-04-16,40.619999,41.150002,39.459999,40.299999,1635000
3091,2012-04-17,40.759998,41.169998,40.290001,40.91,2217100
3092,2012-04-18,44.380001,46.700001,43.060001,45.75,8514100
3093,2012-04-19,45.849998,46.630001,44.91,45.150002,2441500
3094,2012-04-20,45.970001,46.169998,44.93,45.16,1989300
3095,2012-04-23,44.169998,44.700001,43.16,44.369999,1693800
3096,2012-04-24,44.360001,45.599998,43.880001,44.669998,1518900
3097,2012-04-25,45.290001,46.07,45.130001,45.990002,1096600
3098,2012-04-26,45.990002,46.450001,44.82,44.950001,1787700
3099,2012-04-27,45.259998,47.98,45.040001,46.82,3472500
3100,2012-04-30,46.889999,47.09,45.889999,46.68,5603400
3101,2012-05-01,44.900002,45.610001,44.549999,44.799999,6685900
3102,2012-05-02,44.299999,45.470001,43.810001,45.139999,2763300
3103,2012-05-03,45.23,45.349998,42.82,43.75,2972600
3104,2012-05-04,43.290001,43.720001,41.470001,42.209999,3347700
3105,2012-05-07,42.25,43.32,42.0,42.77,1833400
3106,2012-05-08,42.43,42.599998,40.07,42.110001,3735600
3107,2012-05-09,41.23,43.5,41.029999,42.439999,3521400
3108,2012-05-10,43.330002,44.75,42.830002,43.099998,2343400
3109,2012-05-11,42.459999,43.810001,42.009998,43.41,2335800
3110,2012-05-14,42.610001,43.0,40.580002,40.91,3444900
3111,2012-05-15,41.099998,41.139999,38.84,39.189999,5217800
3112,2012-05-16,39.34,39.889999,37.48,37.98,4470800
3113,2012-05-17,38.48,38.5,33.48,33.889999,10214400
3114,2012-05-18,33.98,34.299999,32.709999,33.049999,5111700
3115,2012-05-21,33.09,36.240002,33.09,35.919998,4081700
3116,2012-05-22,35.970001,37.0,35.139999,35.650002,3187200
3117,2012-05-23,35.029999,36.82,34.459999,36.610001,2500000
3118,2012-05-24,36.799999,37.080002,35.310001,36.360001,2040900
3119,2012-05-25,36.360001,36.720001,35.82,36.66,1275200
3120,2012-05-29,37.57,38.529999,37.18,38.41,2686500
3121,2012-05-30,37.630001,37.650002,36.150002,36.68,2658000
3122,2012-05-31,36.830002,36.830002,33.240002,34.549999,4836300
3123,2012-06-01,32.799999,32.900002,30.68,31.110001,6031600
3124,2012-06-04,31.700001,31.82,29.07,30.16,3867900
3125,2012-06-05,30.18,32.18,29.959999,31.91,3808800
3126,2012-06-06,32.450001,33.52,32.25,32.599998,6159400
3127,2012-06-07,33.43,35.610001,33.400002,33.439999,4512900
3128,2012-06-08,33.27,33.310001,31.74,32.549999,3270400
3129,2012-06-11,33.049999,33.52,30.129999,30.18,4484600
3130,2012-06-12,30.66,32.740002,30.66,32.299999,5127200
3131,2012-06-13,31.98,32.689999,31.360001,31.67,3340300
3132,2012-06-14,31.639999,33.389999,31.620001,33.060001,2895500
3133,2012-06-15,33.57,35.09,33.240002,34.810001,3971200
3134,2012-06-18,34.279999,35.0,33.830002,34.790001,2555600
3135,2012-06-19,34.939999,37.080002,34.939999,36.93,3573900
3136,2012-06-20,36.23,36.450001,34.139999,35.330002,4344600
3137,2012-06-21,36.330002,36.799999,33.619999,34.130001,3332000
3138,2012-06-22,34.509998,34.799999,32.459999,33.43,9861800
3139,2012-06-25,32.650002,32.700001,30.540001,31.57,4112900
3140,2012-06-26,31.92,32.150002,30.690001,31.74,2996200
3141,2012-06-27,31.99,32.32,30.700001,31.42,3277200
3142,2012-06-28,30.99,32.5,30.889999,32.139999,2834100
3143,2012-06-29,33.580002,34.720001,33.380001,34.040001,3474600
3144,2012-07-02,34.240002,34.400002,33.279999,33.869999,2190800
3145,2012-07-03,33.919998,36.0,33.869999,35.84,2112900
3146,2012-07-05,35.59,36.200001,35.150002,35.73,1961700
3147,2012-07-06,35.099998,35.16,33.740002,34.040001,1936300
3148,2012-07-09,33.889999,35.540001,33.349998,35.259998,2687200
3149,2012-07-10,35.709999,36.580002,32.650002,33.080002,3285400
3150,2012-07-11,33.200001,33.330002,31.77,32.23,2290800
3151,2012-07-12,31.780001,33.98,31.57,33.529999,2780600
3152,2012-07-13,33.700001,34.990002,33.630001,34.889999,2192200
3153,2012-07-16,34.599998,34.779999,33.709999,34.130001,2725600
3154,2012-07-17,34.490002,34.799999,33.25,34.43,4528600
3155,2012-07-18,33.02,34.240002,28.84,29.66,14651100
3156,2012-07-19,29.76,30.030001,28.059999,29.799999,11061800
3157,2012-07-20,29.4,31.33,28.93,30.389999,5263200
3158,2012-07-23,29.66,31.469999,29.25,30.940001,4315900
3159,2012-07-24,30.809999,31.530001,28.01,28.200001,5668900
3160,2012-07-25,29.01,29.08,26.879999,27.23,8039600
3161,2012-07-26,28.07,28.25,26.91,27.43,4681600
3162,2012-07-27,27.790001,30.0,27.42,29.629999,4553900
3163,2012-07-30,29.65,30.09,28.75,29.17,1860700
3164,2012-07-31,29.219999,29.92,28.75,28.91,2321200
3165,2012-08-01,28.99,29.4,27.41,27.780001,3204200
3166,2012-08-02,27.719999,28.540001,27.01,28.07,2769300
3167,2012-08-03,28.809999,30.68,28.700001,30.23,4116700
3168,2012-08-06,30.389999,31.73,30.280001,31.1,3590200
3169,2012-08-07,31.290001,32.689999,30.91,31.950001,3541500
3170,2012-08-08,31.08,32.490002,31.08,32.099998,1888300
3171,2012-08-09,32.119999,32.77,31.4,32.669998,2771900
3172,2012-08-10,32.330002,32.689999,32.060001,32.619999,791400
3173,2012-08-13,32.389999,32.91,31.52,32.290001,2404700
3174,2012-08-14,32.73,32.889999,32.110001,32.310001,996500
3175,2012-08-15,32.450001,32.759998,32.0,32.650002,1209000
3176,2012-08-16,32.68,34.639999,32.560001,34.02,4093500
3177,2012-08-17,34.209999,35.360001,33.849998,35.150002,3070200
3178,2012-08-20,34.599998,35.009998,33.48,33.580002,2027400
3179,2012-08-21,33.77,34.360001,33.009998,33.130001,2092600
3180,2012-08-22,33.099998,33.68,32.75,32.900002,1975700
3181,2012-08-23,32.849998,33.169998,31.85,31.969999,2212100
3182,2012-08-24,31.940001,32.52,31.030001,32.25,1843100
3183,2012-08-27,32.5,32.93,31.35,31.940001,1948800
3184,2012-08-28,31.799999,32.369999,31.120001,31.370001,1785200
3185,2012-08-29,31.440001,31.82,30.790001,31.48,1503300
3186,2012-08-30,31.120001,31.690001,30.719999,31.5,1233000
3187,2012-08-31,31.85,32.529999,31.360001,32.310001,1583300
3188,2012-09-04,32.970001,34.650002,32.619999,34.419998,4770200
3189,2012-09-05,34.360001,34.740002,33.630001,34.369999,3076300
3190,2012-09-06,34.830002,37.490002,34.77,36.900002,5405700
3191,2012-09-07,36.98,38.139999,36.68,37.830002,3439800
3192,2012-09-10,37.59,38.560001,37.279999,37.919998,2245200
3193,2012-09-11,38.060001,38.419998,36.759998,37.049999,3115100
3194,2012-09-12,36.759998,37.07,35.049999,36.080002,3943400
3195,2012-09-13,35.990002,38.0,34.950001,37.709999,4783000
3196,2012-09-14,37.709999,38.869999,37.259998,37.380001,4201400
3197,2012-09-17,37.220001,37.279999,35.689999,35.849998,2700700
3198,2012-09-18,35.75,35.799999,34.720001,35.310001,2668300
3199,2012-09-19,35.48,38.119999,35.48,37.549999,3870300
3200,2012-09-20,37.139999,37.139999,36.02,36.790001,2837800
3201,2012-09-21,37.049999,37.310001,36.439999,36.91,3167100
3202,2012-09-24,36.630001,37.16,36.139999,36.240002,2023200
3203,2012-09-25,36.459999,36.470001,34.139999,34.439999,4275400
3204,2012-09-26,34.419998,34.419998,32.259998,32.84,5745200
3205,2012-09-27,33.32,33.540001,32.810001,33.330002,3171000
3206,2012-09-28,33.099998,33.23,32.380001,32.709999,3319400
3207,2012-10-01,32.91,33.68,31.99,32.279999,3435500
3208,2012-10-02,32.549999,32.790001,32.049999,32.48,1794500
3209,2012-10-03,32.48,32.759998,32.009998,32.18,1920600
3210,2012-10-04,32.400002,33.990002,32.360001,33.580002,2689800
3211,2012-10-05,34.099998,35.25,33.68,33.900002,2638700
3212,2012-10-08,33.400002,33.740002,33.009998,33.220001,1490900
3213,2012-10-09,33.25,33.25,32.349998,33.049999,1504700
3214,2012-10-10,33.130001,33.130001,31.469999,32.099998,2767200
3215,2012-10-11,32.68,33.07,32.389999,32.490002,2570800
3216,2012-10-12,32.5,32.689999,31.639999,32.080002,4401000
3217,2012-10-15,32.310001,33.630001,32.259998,33.439999,3558200
3218,2012-10-16,33.439999,34.110001,32.91,33.959999,3931700
3219,2012-10-17,36.830002,39.709999,35.360001,39.220001,12705500
3220,2012-10-18,38.959999,40.02,38.52,39.939999,6162500
3221,2012-10-19,39.580002,39.650002,38.23,38.580002,3675600
3222,2012-10-22,38.650002,39.400002,37.880001,38.709999,2905000
3223,2012-10-23,37.919998,39.220001,37.52,38.790001,1956300
3224,2012-10-24,39.189999,39.439999,38.650002,38.799999,1649300
3225,2012-10-25,39.310001,39.68,38.57,39.080002,1321000
3226,2012-10-26,38.950001,39.580002,37.830002,38.720001,1864100
3227,2012-10-31,39.16,41.240002,39.16,40.66,4459800
3228,2012-11-01,40.869999,43.130001,40.650002,42.669998,4996100
3229,2012-11-02,42.639999,42.889999,40.880001,40.939999,2554700
3230,2012-11-05,41.41,41.459999,40.299999,41.099998,2066800
3231,2012-11-06,41.470001,41.779999,40.82,41.439999,1486400
3232,2012-11-07,40.48,41.310001,39.419998,40.18,2855900
3233,2012-11-08,40.32,40.5,38.380001,38.869999,2600700
3234,2012-11-09,38.709999,41.029999,38.709999,39.669998,2824300
3235,2012-11-12,40.130001,41.5,39.990002,40.77,2333900
3236,2012-11-13,40.049999,41.540001,39.639999,41.169998,1957700
3237,2012-11-14,41.240002,41.41,39.029999,39.169998,3293700
3238,2012-11-15,39.009998,39.700001,37.310001,37.77,3618800
3239,2012-11-16,38.02,39.490002,37.639999,38.950001,2465200
3240,2012-11-19,39.77,40.869999,39.740002,40.299999,1853300
3241,2012-11-20,40.110001,40.650002,39.720001,40.040001,1524300
3242,2012-11-21,40.25,41.650002,40.25,41.0,1776900
3243,2012-11-23,41.110001,41.380001,40.740002,41.25,570400
3244,2012-11-26,40.93,41.18,40.639999,41.0,1247000
3245,2012-11-27,41.0,41.400002,39.740002,39.860001,1887900
3246,2012-11-28,39.77,41.0,38.82,40.990002,2502900
3247,2012-11-29,41.400002,41.959999,40.509998,41.5,2493800
3248,2012-11-30,41.279999,41.650002,40.48,41.529999,2190800
3249,2012-12-03,41.950001,42.43,41.490002,41.669998,2050800
3250,2012-12-04,41.540001,42.639999,40.259998,42.209999,3017800
3251,2012-12-05,42.310001,43.34,41.91,42.57,2516400
3252,2012-12-06,42.48,42.720001,41.639999,42.580002,1501700
3253,2012-12-07,43.040001,43.470001,42.48,42.700001,1437800
3254,2012-12-10,42.619999,43.400002,42.509998,43.200001,1315600
3255,2012-12-11,43.560001,44.240002,42.900002,43.080002,2337500
3256,2012-12-12,43.959999,44.0,43.110001,43.220001,1474300
3257,2012-12-13,43.169998,43.599998,41.669998,42.41,1751000
3258,2012-12-14,42.439999,42.689999,42.0,42.279999,933800
3259,2012-12-17,42.580002,42.77,42.029999,42.540001,1710900
3260,2012-12-18,42.91,44.75,42.860001,44.68,2516900
3261,2012-12-19,44.82,45.48,43.950001,44.779999,2605600
3262,2012-12-20,44.75,45.18,44.470001,45.130001,1759000
3263,2012-12-21,43.900002,45.049999,43.110001,44.799999,4083000
3264,2012-12-24,44.619999,45.459999,44.16,44.98,766000
3265,2012-12-26,44.759998,45.200001,44.18,44.220001,1039800
3266,2012-12-27,44.439999,44.490002,42.459999,43.48,1568200
3267,2012-12-28,43.549999,43.619999,42.560001,42.720001,1651500
3268,2012-12-31,42.68,45.830002,42.630001,45.52,2001700
3269,2013-01-02,47.0,48.560001,46.709999,47.91,3288100
3270,2013-01-03,47.970001,48.389999,47.080002,48.049999,2468400
3271,2013-01-04,48.32,49.73,47.52,48.990002,2529400
3272,2013-01-07,48.470001,48.66,47.790001,48.25,1667700
3273,2013-01-08,48.700001,48.830002,47.759998,48.099998,1922500
3274,2013-01-09,48.580002,49.060001,48.119999,48.25,1664600
3275,2013-01-10,48.849998,48.900002,47.720001,48.200001,1829800
3276,2013-01-11,48.400002,48.459999,46.830002,47.57,1828600
3277,2013-01-14,47.549999,47.959999,47.189999,47.599998,1198700
3278,2013-01-15,47.299999,49.07,47.169998,48.709999,1890000
3279,2013-01-16,48.5,48.959999,47.669998,48.32,1687400
3280,2013-01-17,48.810001,49.720001,48.740002,49.279999,1672400
3281,2013-01-18,49.25,50.369999,49.25,50.040001,1438100
3282,2013-01-22,50.029999,50.119999,48.299999,48.93,3447500
3283,2013-01-23,48.93,49.52,48.470001,49.43,2057300
3284,2013-01-24,49.189999,51.5,46.669998,49.16,5330400
3285,2013-01-25,49.279999,51.25,49.189999,51.119999,2704200
3286,2013-01-28,50.98,51.84,49.91,51.41,1510500
3287,2013-01-29,51.060001,51.529999,50.709999,51.02,1150600
3288,2013-01-30,51.209999,51.25,49.650002,49.860001,1481400
3289,2013-01-31,49.59,50.740002,49.549999,50.619999,1516300
3290,2013-02-01,50.91,53.369999,50.91,52.259998,2417600
3291,2013-02-04,51.68,52.16,50.599998,50.75,1689800
3292,2013-02-05,51.549999,52.27,51.18,51.950001,1233500
3293,2013-02-06,51.560001,52.650002,51.02,52.549999,1545600
3294,2013-02-07,52.400002,52.5,51.380001,52.450001,1300800
3295,2013-02-08,52.52,53.439999,52.450001,53.09,1082000
3296,2013-02-11,53.09,53.84,52.860001,53.32,1244100
3297,2013-02-12,54.0,55.040001,53.77,54.299999,2053600
3298,2013-02-13,54.5,55.73,54.369999,55.490002,2054100
3299,2013-02-14,55.209999,56.18,54.880001,55.900002,1486300
3300,2013-02-15,55.720001,56.16,54.610001,54.869999,1970400
3301,2013-02-19,55.0,55.700001,54.52,55.639999,1225500
3302,2013-02-20,55.849998,56.869999,52.720001,53.09,2928200
3303,2013-02-21,52.91,53.09,49.27,50.939999,4256700
3304,2013-02-22,51.419998,53.279999,51.41,52.709999,2339800
3305,2013-02-25,53.25,54.110001,50.41,50.470001,2911000
3306,2013-02-26,50.93,51.349998,49.099998,51.099998,3561900
3307,2013-02-27,51.119999,53.560001,50.98,52.540001,2041300
3308,2013-02-28,52.560001,54.259998,52.360001,53.41,2008500
3309,2013-03-01,52.580002,53.240002,51.669998,52.630001,2064100
3310,2013-03-04,52.490002,52.490002,50.900002,52.049999,2662400
3311,2013-03-05,54.880001,55.990002,54.25,54.939999,4594900
3312,2013-03-06,55.099998,55.490002,54.130001,54.259998,1682400
3313,2013-03-07,54.41,54.560001,53.41,53.779999,1435500
3314,2013-03-08,54.43,54.990002,53.610001,54.799999,1452000
3315,2013-03-11,54.080002,54.650002,53.66,54.310001,1428200
3316,2013-03-12,54.310001,54.470001,53.18,53.529999,1878800
3317,2013-03-13,53.689999,54.900002,53.419998,54.639999,1569100
3318,2013-03-14,54.950001,55.279999,53.77,54.240002,1413700
3319,2013-03-15,53.98,54.080002,52.57,52.689999,2393000
3320,2013-03-18,52.049999,53.59,51.259998,52.990002,1747100
3321,2013-03-19,53.459999,54.459999,52.48,53.419998,1439000
3322,2013-03-20,54.07,55.619999,53.84,55.23,1805900
3323,2013-03-21,54.689999,55.830002,53.189999,54.18,1406900
3324,2013-03-22,54.549999,54.919998,53.200001,53.830002,1086800
3325,2013-03-25,54.040001,54.889999,52.52,53.02,1418900
3326,2013-03-26,53.380001,53.509998,52.43,52.98,1120800
3327,2013-03-27,52.240002,53.830002,51.700001,53.509998,2489600
3328,2013-03-28,53.490002,55.080002,53.490002,54.970001,1527200
3329,2013-04-01,54.610001,54.939999,51.869999,53.16,1928700
3330,2013-04-02,54.029999,55.18,52.25,52.619999,1954200
3331,2013-04-03,52.700001,53.240002,49.900002,51.240002,2992500
3332,2013-04-04,51.25,51.48,50.209999,50.880001,2176800
3333,2013-04-05,49.84,51.970001,48.470001,51.849998,2490800
3334,2013-04-08,52.029999,53.700001,52.029999,53.34,1780100
3335,2013-04-09,53.700001,53.990002,53.099998,53.209999,1245200
3336,2013-04-10,53.52,54.82,53.150002,54.450001,1891300
3337,2013-04-11,54.470001,57.240002,54.380001,55.209999,3222200
3338,2013-04-12,54.790001,55.639999,53.689999,54.98,1539000
3339,2013-04-15,54.700001,54.75,50.029999,50.889999,5262400
3340,2013-04-16,51.790001,52.639999,51.0,52.209999,3521900
3341,2013-04-17,50.900002,52.779999,50.34,51.459999,4523700
3342,2013-04-18,51.560001,51.599998,49.669998,50.689999,2282500
3343,2013-04-19,50.959999,52.099998,50.099998,51.689999,1539800
3344,2013-04-22,51.919998,51.93,50.259998,51.549999,1865400
3345,2013-04-23,52.099998,52.259998,50.09,50.700001,1977800
3346,2013-04-24,50.889999,51.049999,49.689999,50.599998,2448700
3347,2013-04-25,50.860001,52.25,50.169998,52.009998,2077600
3348,2013-04-26,51.689999,52.48,51.41,52.369999,1136100
3349,2013-04-29,52.5,53.139999,52.130001,52.41,1193600
3350,2013-04-30,52.09,53.099998,51.41,52.610001,1958400
3351,2013-05-01,52.630001,52.869999,50.66,50.830002,2299800
3352,2013-05-02,50.959999,51.459999,50.5,51.279999,1652000
3353,2013-05-03,52.419998,56.080002,52.349998,54.490002,3511000
3354,2013-05-06,54.650002,57.459999,54.32,56.639999,5814700
3355,2013-05-07,57.130001,58.360001,57.0,57.720001,2311400
3356,2013-05-08,57.73,58.25,57.009998,58.169998,1710500
3357,2013-05-09,58.220001,58.549999,57.630001,57.830002,1408000
3358,2013-05-10,57.790001,58.509998,57.509998,58.279999,1168200
3359,2013-05-13,58.299999,59.209999,57.110001,57.490002,1475300
3360,2013-05-14,57.040001,59.610001,56.77,59.52,1873300
3361,2013-05-15,59.57,59.740002,58.41,58.68,1319600
3362,2013-05-16,58.619999,59.360001,57.299999,57.490002,1495100
3363,2013-05-17,58.150002,59.139999,58.09,58.68,1342500
3364,2013-05-20,58.630001,58.869999,57.200001,57.509998,1657400
3365,2013-05-21,57.66,58.080002,56.810001,57.43,1155200
3366,2013-05-22,57.360001,57.599998,54.810001,55.869999,2861000
3367,2013-05-23,55.040001,57.150002,54.599998,56.060001,2250200
3368,2013-05-24,55.68,56.450001,54.580002,56.279999,1500400
3369,2013-05-28,57.23,57.93,56.700001,57.169998,1204600
3370,2013-05-29,56.580002,57.209999,55.779999,57.0,1244100
3371,2013-05-30,57.200001,57.77,56.41,57.41,1432700
3372,2013-05-31,57.09,58.029999,56.700001,56.84,1263000
3373,2013-06-03,56.869999,57.0,53.75,55.02,2541800
3374,2013-06-04,55.009998,55.84,51.5,52.900002,2354400
3375,2013-06-05,52.779999,52.860001,51.119999,51.439999,2977500
3376,2013-06-06,51.189999,51.259998,49.119999,50.720001,5113300
3377,2013-06-07,51.27,52.880001,50.349998,51.849998,2280000
3378,2013-06-10,52.18,52.459999,50.68,50.939999,1850900
3379,2013-06-11,50.110001,51.240002,49.27,49.84,2224300
3380,2013-06-12,50.549999,50.73,48.48,48.82,2640500
3381,2013-06-13,48.650002,50.169998,48.220001,49.880001,2563400
3382,2013-06-14,49.880001,50.580002,49.650002,50.259998,1644100
3383,2013-06-17,50.369999,50.400002,48.799999,49.169998,4151500
3384,2013-06-18,49.450001,52.41,49.25,51.650002,3598900
3385,2013-06-19,51.799999,52.310001,51.080002,51.16,2170800
3386,2013-06-20,50.43,52.380001,49.25,50.759998,3887900
3387,2013-06-21,51.049999,51.75,48.610001,49.27,3948800
3388,2013-06-24,48.799999,48.830002,44.849998,46.259998,6081700
3389,2013-06-25,47.509998,49.080002,47.459999,48.119999,2992600
3390,2013-06-26,48.73,49.740002,48.599998,48.950001,2223800
3391,2013-06-27,49.48,51.009998,49.419998,50.57,2734500
3392,2013-06-28,50.27,50.990002,49.77,49.91,2442200
3393,2013-07-01,50.43,51.459999,49.919998,50.049999,1667800
3394,2013-07-02,49.93,50.990002,49.540001,49.990002,1291200
3395,2013-07-03,49.509998,50.810001,49.509998,50.290001,705400
3396,2013-07-05,51.209999,51.509998,50.389999,51.029999,991400
3397,2013-07-08,51.150002,52.029999,51.049999,51.689999,2129000
3398,2013-07-09,52.57,53.939999,51.970001,53.27,2207300
3399,2013-07-10,53.099998,53.18,51.709999,52.139999,1796600
3400,2013-07-11,53.119999,53.360001,51.509998,52.740002,2529400
3401,2013-07-12,52.700001,53.23,52.380001,52.810001,1000400
3402,2013-07-15,53.279999,53.470001,52.110001,52.220001,1752700
3403,2013-07-16,51.939999,52.52,50.700001,50.98,2761200
3404,2013-07-17,53.400002,56.48,52.970001,56.369999,8507800
3405,2013-07-18,56.41,57.549999,55.689999,56.700001,2734600
3406,2013-07-19,56.389999,56.700001,55.259998,56.630001,1820600
3407,2013-07-22,56.5,57.669998,56.490002,56.52,1832900
3408,2013-07-23,56.849998,57.099998,55.830002,55.950001,1723700
3409,2013-07-24,56.470001,56.75,55.290001,55.439999,1543500
3410,2013-07-25,55.240002,55.889999,54.450001,55.400002,1332400
3411,2013-07-26,54.880001,55.369999,54.32,54.560001,1347000
3412,2013-07-29,54.400002,54.790001,53.900002,54.25,1148000
3413,2013-07-30,54.709999,55.57,54.32,55.16,1411600
3414,2013-07-31,55.599998,57.799999,55.59,57.32,2091000
3415,2013-08-01,58.07,59.610001,57.830002,59.41,2473200
3416,2013-08-02,58.950001,59.84,58.169998,59.619999,1488000
3417,2013-08-05,59.459999,59.580002,58.48,58.880001,1033700
3418,2013-08-06,58.919998,58.919998,56.330002,57.34,1779300
3419,2013-08-07,57.650002,57.799999,55.560001,55.869999,1494100
3420,2013-08-08,56.93,57.279999,55.869999,56.049999,1197100
3421,2013-08-09,56.080002,56.400002,55.5,55.549999,1009200
3422,2013-08-12,55.169998,56.34,54.799999,55.849998,861600
3423,2013-08-13,55.98,56.040001,55.080002,55.73,589700
3424,2013-08-14,55.700001,56.029999,54.98,55.009998,946300
3425,2013-08-15,54.34,54.48,53.25,54.110001,1038700
3426,2013-08-16,54.099998,55.240002,53.779999,54.029999,664500
3427,2013-08-19,53.98,54.880001,53.790001,54.009998,1331800
3428,2013-08-20,54.23,56.150002,54.040001,55.77,1239600
3429,2013-08-21,55.759998,57.099998,55.759998,56.139999,1180900
3430,2013-08-22,56.240002,57.150002,56.16,56.849998,531600
3431,2013-08-23,56.900002,57.150002,55.68,56.290001,775100
3432,2013-08-26,56.290001,57.349998,55.990002,56.560001,484000
3433,2013-08-27,55.619999,55.950001,53.610001,54.220001,1462600
3434,2013-08-28,54.330002,55.720001,53.860001,55.09,1318000
3435,2013-08-29,54.93,56.529999,54.93,55.900002,961800
3436,2013-08-30,55.91,55.93,54.290001,54.77,1075700
3437,2013-09-03,55.790001,56.759998,54.91,55.650002,1615100
3438,2013-09-04,55.84,56.599998,55.23,56.130001,1148700
3439,2013-09-05,55.59,57.560001,55.529999,56.950001,1259200
3440,2013-09-06,57.75,57.900002,55.790001,56.810001,1480400
3441,2013-09-09,57.060001,58.59,57.040001,58.25,834700
3442,2013-09-10,58.720001,58.799999,57.41,57.669998,1548500
3443,2013-09-11,57.18,57.18,52.389999,55.34,8496000
3444,2013-09-12,55.369999,56.48,55.0,55.869999,2256700
3445,2013-09-13,56.07,57.330002,55.869999,56.07,1788700
3446,2013-09-16,56.889999,56.91,54.68,55.009998,2064600
3447,2013-09-17,55.110001,56.919998,54.650002,56.5,1619400
3448,2013-09-18,56.369999,58.150002,56.330002,58.09,1923500
3449,2013-09-19,58.459999,59.189999,57.77,57.790001,1135200
3450,2013-09-20,57.84,57.84,56.48,56.52,1950500
3451,2013-09-23,57.029999,57.029999,55.700001,56.540001,1214600
3452,2013-09-24,56.5,57.240002,56.02,56.610001,1178700
3453,2013-09-25,56.860001,57.529999,56.009998,56.790001,781000
3454,2013-09-26,56.799999,58.279999,56.799999,57.639999,1280100
3455,2013-09-27,57.529999,57.939999,56.900002,57.669998,840200
3456,2013-09-30,56.630001,58.75,56.25,58.290001,1653500
3457,2013-10-01,58.400002,60.380001,58.25,59.32,2643300
3458,2013-10-02,58.77,60.529999,58.689999,60.41,1330300
3459,2013-10-03,60.330002,60.869999,58.900002,59.919998,1442000
3460,2013-10-04,59.790001,60.93,59.669998,60.700001,999800
3461,2013-10-07,59.810001,59.900002,58.349998,58.369999,1819600
3462,2013-10-08,58.349998,58.860001,56.48,56.509998,2146700
3463,2013-10-09,56.450001,56.779999,55.049999,55.98,1799900
3464,2013-10-10,57.09,58.34,57.02,58.099998,1384800
3465,2013-10-11,57.849998,58.349998,57.32,57.73,1470500
3466,2013-10-14,57.330002,58.110001,57.189999,57.880001,1351900
3467,2013-10-15,57.689999,58.130001,56.759998,57.380001,1362300
3468,2013-10-16,58.119999,61.43,56.549999,59.790001,6234300
3469,2013-10-17,59.77,62.900002,57.799999,61.939999,5496200
3470,2013-10-18,62.98,65.360001,62.619999,64.889999,3236200
3471,2013-10-21,65.290001,65.580002,63.93,64.379997,1823600
3472,2013-10-22,64.790001,65.279999,63.950001,64.690002,1106900
3473,2013-10-23,64.209999,65.150002,64.029999,64.93,826000
3474,2013-10-24,64.779999,65.809998,64.110001,65.120003,1064900
3475,2013-10-25,65.480003,65.639999,63.790001,65.349998,949500
3476,2013-10-28,65.32,66.099998,65.040001,65.790001,1143300
3477,2013-10-29,65.949997,66.07,64.940002,65.870003,1399500
3478,2013-10-30,65.769997,65.910004,63.630001,64.269997,1881900
3479,2013-10-31,64.349998,65.459999,64.029999,64.589996,1145800
3480,2013-11-01,64.82,65.330002,63.830002,64.43,1074100
3481,2013-11-04,64.540001,66.410004,64.489998,65.970001,1133900
3482,2013-11-05,65.699997,66.800003,65.379997,66.099998,1185900
3483,2013-11-06,66.690002,66.809998,65.790001,66.300003,1260000
3484,2013-11-07,66.199997,66.360001,62.009998,62.110001,3990100
3485,2013-11-08,62.299999,63.740002,62.130001,63.490002,1492200
3486,2013-11-11,63.759998,65.080002,63.349998,64.730003,1193000
3487,2013-11-12,64.550003,65.25,64.07,65.190002,928200
3488,2013-11-13,64.709999,66.239998,64.400002,66.080002,793300
3489,2013-11-14,66.25,67.589996,65.529999,67.379997,1409400
3490,2013-11-15,67.720001,68.75,67.080002,68.589996,1298300
3491,2013-11-18,68.629997,69.410004,67.32,67.639999,1724100
3492,2013-11-19,67.690002,68.580002,67.050003,67.190002,1125100
3493,2013-11-20,67.389999,67.849998,65.839996,66.169998,1386300
3494,2013-11-21,67.080002,67.550003,66.25,67.18,1094300
3495,2013-11-22,67.199997,69.400002,67.07,68.839996,1578300
3496,2013-11-25,69.089996,69.349998,68.080002,68.760002,787300
3497,2013-11-26,68.650002,69.309998,68.099998,69.040001,746600
3498,2013-11-27,68.839996,69.25,68.300003,68.889999,840600
3499,2013-11-29,68.949997,69.379997,68.309998,68.730003,298200
3500,2013-12-02,69.050003,70.860001,68.809998,69.970001,1310200
3501,2013-12-03,69.410004,69.889999,68.5,68.779999,1005600
3502,2013-12-04,68.300003,69.0,67.790001,68.510002,991600
3503,2013-12-05,68.019997,69.18,68.019997,68.849998,860400
3504,2013-12-06,69.300003,70.949997,69.300003,69.970001,1216100
3505,2013-12-09,69.910004,71.879997,69.75,70.989998,1874400
3506,2013-12-10,71.690002,72.970001,71.139999,71.720001,1945600
3507,2013-12-11,71.919998,72.25,69.809998,69.980003,1434400
3508,2013-12-12,69.830002,71.040001,69.510002,70.589996,1061900
3509,2013-12-13,70.620003,72.330002,70.589996,71.989998,1213600
3510,2013-12-16,72.860001,73.769997,72.800003,73.32,1412700
3511,2013-12-17,73.330002,74.75,73.029999,74.099998,1475700
3512,2013-12-18,75.540001,75.75,73.150002,75.720001,2147800
3513,2013-12-19,75.639999,76.489998,74.809998,74.870003,1297800
3514,2013-12-20,74.32,77.480003,74.169998,77.349998,1983400
3515,2013-12-23,77.739998,78.050003,76.910004,77.099998,1245500
3516,2013-12-24,77.480003,77.849998,76.650002,76.809998,620800
3517,2013-12-26,77.199997,78.370003,77.199997,77.870003,904700
3518,2013-12-27,78.230003,78.230003,77.059998,77.239998,697100
3519,2013-12-30,77.370003,77.5,76.709999,76.989998,996800
3520,2013-12-31,77.370003,78.139999,77.209999,77.949997,1380700
3521,2014-01-02,77.269997,77.730003,75.510002,76.489998,1292000
3522,2014-01-03,76.580002,77.43,76.449997,77.160004,1569400
3523,2014-01-06,77.18,78.370003,77.050003,77.370003,1253600
3524,2014-01-07,77.709999,78.790001,77.589996,77.779999,1180400
3525,2014-01-08,77.739998,79.360001,77.470001,78.779999,1713000
3526,2014-01-09,79.360001,79.43,77.849998,78.260002,1019700
3527,2014-01-10,78.18,79.330002,78.07,79.150002,1035700
3528,2014-01-13,79.040001,79.639999,76.790001,77.080002,1458400
3529,2014-01-14,77.989998,78.82,77.160004,78.82,1140000
3530,2014-01-15,79.68,82.0,79.349998,81.68,2387900
3531,2014-01-16,81.739998,82.57,81.309998,82.010002,1677000
3532,2014-01-17,81.900002,82.220001,80.839996,81.089996,1309600
3533,2014-01-21,82.290001,82.290001,80.449997,81.510002,1297500
3534,2014-01-22,81.949997,82.120003,80.75,81.589996,2602700
3535,2014-01-23,80.919998,84.199997,80.379997,83.32,4130400
3536,2014-01-24,82.82,82.870003,79.059998,79.5,2742300
3537,2014-01-27,79.860001,80.300003,76.120003,78.230003,1914200
3538,2014-01-28,78.75,81.639999,78.75,81.559998,2289400
3539,2014-01-29,80.720001,81.309998,79.089996,79.989998,1964400
3540,2014-01-30,81.059998,82.68,80.260002,81.599998,1680400
3541,2014-01-31,80.699997,82.139999,80.120003,80.940002,1192900
3542,2014-02-03,81.120003,81.529999,74.32,74.459999,4193000
3543,2014-02-04,74.949997,78.139999,74.879997,76.870003,2380200
3544,2014-02-05,76.959999,77.459999,75.419998,76.809998,1461700
3545,2014-02-06,77.339996,79.949997,77.309998,79.449997,1713400
3546,2014-02-07,79.870003,81.370003,79.699997,80.599998,1307400
3547,2014-02-10,80.440002,80.559998,78.730003,79.18,1259100
3548,2014-02-11,79.470001,82.339996,79.440002,81.910004,1729800
3549,2014-02-12,82.699997,83.57,81.910004,82.629997,1252800
3550,2014-02-13,81.43,83.419998,81.220001,82.709999,1190300
3551,2014-02-14,82.459999,83.699997,82.309998,83.309998,1025600
3552,2014-02-18,83.989998,85.599998,83.989998,85.110001,1449700
3553,2014-02-19,85.360001,85.709999,84.269997,84.589996,1254600
3554,2014-02-20,84.580002,87.25,84.010002,86.779999,1430500
3555,2014-02-21,86.769997,87.82,86.550003,86.589996,1233100
3556,2014-02-24,87.089996,88.760002,87.010002,87.43,1353300
3557,2014-02-25,87.309998,89.099998,86.989998,87.900002,1069800
3558,2014-02-26,88.300003,88.379997,86.0,86.209999,1945700
3559,2014-02-27,86.220001,88.550003,86.07,88.080002,2023300
3560,2014-02-28,88.370003,89.080002,87.639999,88.339996,1501500
3561,2014-03-03,86.809998,88.260002,86.199997,87.5,1288800
3562,2014-03-04,89.410004,91.029999,88.730003,90.519997,2317700
3563,2014-03-05,90.260002,90.690002,89.169998,89.330002,1471700
3564,2014-03-06,89.849998,90.400002,88.360001,88.5,1376900
3565,2014-03-07,89.910004,89.910004,88.169998,88.489998,1849100
3566,2014-03-10,90.620003,92.790001,90.620003,91.82,2923200
3567,2014-03-11,91.989998,92.599998,89.629997,89.949997,1295600
3568,2014-03-12,89.5,91.919998,88.5,91.919998,1464200
3569,2014-03-13,92.220001,92.449997,88.599998,89.309998,1785000
3570,2014-03-14,88.900002,91.209999,88.900002,90.089996,1273400
3571,2014-03-17,91.040001,92.839996,90.760002,90.910004,1478300
3572,2014-03-18,91.089996,92.169998,90.57,91.879997,1537300
3573,2014-03-19,91.989998,93.32,91.349998,92.660004,1044200
3574,2014-03-20,92.089996,94.830002,92.050003,94.760002,1834500
3575,2014-03-21,95.139999,96.510002,94.5,94.910004,3168000
3576,2014-03-24,95.599998,95.669998,91.300003,92.690002,1672600
3577,2014-03-25,93.849998,94.0,91.760002,93.129997,1392000
3578,2014-03-26,93.910004,94.230003,91.440002,91.68,1460800
3579,2014-03-27,91.540001,92.129997,89.699997,90.830002,1751700
3580,2014-03-28,91.32,93.139999,90.5,92.43,1351300
3581,2014-03-31,93.739998,95.669998,92.970001,94.940002,1391600
3582,2014-04-01,95.199997,96.720001,95.029999,95.940002,1273300
3583,2014-04-02,96.620003,96.669998,94.849998,95.040001,1305500
3584,2014-04-03,94.75,95.839996,93.440002,94.57,1450600
3585,2014-04-04,95.360001,95.940002,91.309998,91.870003,1665700
3586,2014-04-07,91.349998,91.440002,85.010002,85.660004,4117900
3587,2014-04-08,85.75,88.599998,85.110001,87.900002,2781300
3588,2014-04-09,88.699997,91.449997,88.07,90.980003,1522900
3589,2014-04-10,91.07,92.190002,87.760002,88.169998,2217200
3590,2014-04-11,87.709999,89.379997,86.410004,87.410004,1857900
3591,2014-04-14,88.260002,88.93,85.800003,87.18,1893900
3592,2014-04-15,88.029999,88.860001,85.879997,88.489998,1914800
3593,2014-04-16,90.029999,91.660004,89.699997,91.489998,2392200
3594,2014-04-17,94.5,96.0,92.610001,93.470001,4058500
3595,2014-04-21,94.279999,94.43,92.050003,93.25,2246000
3596,2014-04-22,93.650002,96.410004,93.410004,96.099998,2138700
3597,2014-04-23,96.150002,96.470001,93.599998,94.459999,1703700
3598,2014-04-24,96.059998,96.120003,93.360001,95.019997,1443700
3599,2014-04-25,94.290001,94.559998,92.150002,92.349998,1958600
3600,2014-04-28,93.059998,93.389999,88.360001,90.370003,2488200
3601,2014-04-29,91.25,93.209999,91.010002,92.889999,1699800
3602,2014-04-30,92.699997,93.830002,91.800003,93.830002,1528800
3603,2014-05-01,94.160004,95.989998,92.970001,93.169998,1973700
3604,2014-05-02,93.160004,94.540001,92.559998,94.0,1403400
3605,2014-05-05,93.389999,94.860001,92.559998,94.449997,1188200
3606,2014-05-06,93.900002,94.660004,93.330002,93.43,1384300
3607,2014-05-07,94.309998,94.699997,92.150002,93.339996,1543300
3608,2014-05-08,93.169998,95.410004,92.589996,92.889999,1893100
3609,2014-05-09,92.709999,93.709999,91.290001,93.470001,1216500
3610,2014-05-12,93.889999,97.870003,93.830002,97.669998,1789600
3611,2014-05-13,97.790001,99.25,97.220001,97.650002,1406600
3612,2014-05-14,97.459999,98.730003,96.620003,96.730003,1075600
3613,2014-05-15,96.07,96.730003,91.93,94.440002,2736500
3614,2014-05-16,94.349998,96.169998,93.139999,95.360001,1791400
3615,2014-05-19,95.300003,97.099998,95.169998,96.610001,1469200
3616,2014-05-20,96.519997,97.720001,95.349998,96.379997,1582300
3617,2014-05-21,96.779999,98.489998,96.589996,97.470001,1541600
3618,2014-05-22,97.650002,99.089996,97.07,98.779999,1449600
3619,2014-05-23,98.989998,99.949997,98.0,99.889999,1256000
3620,2014-05-27,101.089996,102.480003,100.730003,101.269997,1552600
3621,2014-05-28,101.269997,101.760002,100.089996,100.93,1332000
3622,2014-05-29,101.269997,101.510002,100.199997,101.510002,926200
3623,2014-05-30,101.629997,101.860001,100.309998,101.050003,4078300
3624,2014-06-02,100.769997,101.730003,99.190002,101.5,1249100
3625,2014-06-03,100.529999,102.0,100.150002,100.989998,960000
3626,2014-06-04,101.0,102.440002,100.660004,102.209999,1471700
3627,2014-06-05,103.040001,106.730003,103.0,105.949997,1971800
3628,2014-06-06,105.769997,106.559998,105.120003,105.970001,1731400
3629,2014-06-09,105.529999,108.459999,105.529999,107.739998,1691500
3630,2014-06-10,107.0,107.5,105.330002,107.169998,1058300
3631,2014-06-11,105.989998,107.449997,104.800003,107.050003,1245000
3632,2014-06-12,106.550003,107.0,104.360001,105.010002,1414900
3633,2014-06-13,105.139999,105.93,104.169998,105.389999,994100
3634,2014-06-16,104.690002,105.589996,103.879997,105.160004,1521500
3635,2014-06-17,103.199997,103.809998,101.800003,102.75,2201600
3636,2014-06-18,103.129997,104.860001,102.5,104.769997,1436100
3637,2014-06-19,104.849998,104.849998,103.389999,104.230003,968900
3638,2014-06-20,104.290001,105.339996,103.639999,105.25,3206900
3639,2014-06-23,106.0,106.419998,104.849998,105.370003,1087600
3640,2014-06-24,105.370003,106.599998,103.639999,103.709999,1236500
3641,2014-06-25,103.790001,105.650002,103.110001,105.580002,985300
3642,2014-06-26,105.580002,105.779999,103.93,105.279999,689700
3643,2014-06-27,105.010002,105.68,104.120003,104.889999,959500
3644,2014-06-30,104.980003,105.209999,104.139999,104.730003,1222600
3645,2014-07-01,105.440002,107.470001,104.989998,107.209999,1325900
3646,2014-07-02,106.75,108.389999,106.75,107.5,702300
3647,2014-07-03,108.449997,109.18,107.949997,108.959999,489000
3648,2014-07-07,108.25,108.5,106.150002,106.360001,993700
3649,2014-07-08,106.389999,106.910004,104.849998,106.279999,1234500
3650,2014-07-09,106.629997,108.389999,106.599998,108.349998,999500
3651,2014-07-10,106.43,108.540001,105.25,107.690002,1022900
3652,2014-07-11,107.339996,107.849998,106.160004,107.389999,704900
3653,2014-07-14,108.449997,109.599998,108.019997,109.5,1151800
3654,2014-07-15,109.510002,110.0,107.279999,107.660004,1495000
3655,2014-07-16,108.599998,108.860001,107.300003,108.230003,1777400
3656,2014-07-17,111.940002,114.949997,109.0,110.059998,3232800
3657,2014-07-18,110.510002,112.150002,110.099998,112.040001,1553900
3658,2014-07-21,111.080002,112.25,111.059998,111.779999,1040000
3659,2014-07-22,112.099998,113.959999,112.019997,113.330002,917300
3660,2014-07-23,113.940002,114.0,112.559998,112.769997,815400
3661,2014-07-24,113.07,113.839996,112.330002,112.629997,830700
3662,2014-07-25,112.339996,113.18,112.110001,112.690002,750700
3663,2014-07-28,112.949997,112.949997,110.669998,111.18,960600
3664,2014-07-29,111.43,112.379997,110.279999,110.459999,949800
3665,2014-07-30,111.629997,111.75,109.610001,110.550003,859800
3666,2014-07-31,108.870003,109.410004,104.540001,105.900002,2120700
3667,2014-08-01,104.639999,107.059998,103.599998,105.870003,1675700
3668,2014-08-04,106.199997,107.370003,105.150002,106.980003,982900
3669,2014-08-05,106.610001,107.440002,104.900002,105.769997,1082500
3670,2014-08-06,105.5,106.480003,104.669998,105.440002,1033600
3671,2014-08-07,106.43,108.300003,104.800003,105.230003,1737000
3672,2014-08-08,105.25,107.32,104.330002,107.25,970600
3673,2014-08-11,108.43,110.360001,108.25,109.419998,1192400
3674,2014-08-12,109.239998,110.169998,108.730003,109.629997,789400
3675,2014-08-13,110.5,111.68,109.769997,110.849998,990500
3676,2014-08-14,111.660004,112.089996,111.169998,111.550003,1085600
3677,2014-08-15,112.150002,112.470001,109.5,111.709999,1028200
3678,2014-08-18,112.639999,114.459999,112.389999,114.290001,1063100
3679,2014-08-19,114.900002,116.629997,114.669998,115.410004,976100
3680,2014-08-20,114.760002,116.989998,114.550003,116.699997,866100
3681,2014-08-21,116.809998,116.860001,115.239998,116.269997,863800
3682,2014-08-22,116.269997,117.970001,115.5,117.230003,716400
3683,2014-08-25,118.410004,119.18,117.419998,117.980003,871500
3684,2014-08-26,118.290001,118.769997,117.5,118.330002,726600
3685,2014-08-27,118.160004,118.580002,116.690002,117.639999,786700
3686,2014-08-28,116.739998,117.489998,115.690002,117.099998,626500
3687,2014-08-29,117.800003,118.279999,117.230003,117.650002,577900
3688,2014-09-02,118.449997,119.5,117.559998,118.839996,1071700
3689,2014-09-03,119.440002,119.830002,117.629997,118.220001,912200
3690,2014-09-04,118.449997,119.790001,117.900002,118.300003,758100
3691,2014-09-05,118.169998,118.910004,117.110001,118.510002,691900
3692,2014-09-08,118.269997,119.010002,118.010002,118.300003,765300
3693,2014-09-09,118.110001,118.620003,115.220001,115.559998,1250800
3694,2014-09-10,115.769997,116.199997,113.290001,115.199997,1332700
3695,2014-09-11,114.730003,116.139999,114.029999,116.099998,1100700
3696,2014-09-12,116.419998,116.910004,115.629997,116.599998,1099300
3697,2014-09-15,117.5,118.849998,115.650002,116.290001,1631000
3698,2014-09-16,115.68,118.040001,115.5,117.709999,1696200
3699,2014-09-17,118.0,118.489998,117.07,117.639999,1025500
3700,2014-09-18,118.5,118.949997,117.209999,118.699997,1007000
3701,2014-09-19,119.68,119.68,116.699997,116.699997,15985500
3702,2014-09-22,116.970001,117.160004,114.57,114.849998,2124700
3703,2014-09-23,114.0,114.720001,113.0,113.470001,1073200
3704,2014-09-24,113.230003,114.220001,112.349998,114.139999,1171300
3705,2014-09-25,113.879997,113.980003,110.769997,110.980003,1462000
3706,2014-09-26,110.989998,112.610001,110.739998,112.5,1265500
3707,2014-09-29,110.610001,112.779999,110.480003,112.519997,1034800
3708,2014-09-30,112.75,113.730003,110.879997,111.099998,1527600
3709,2014-10-01,110.919998,110.980003,103.43,104.43,3652900
3710,2014-10-02,104.349998,105.970001,101.510002,105.449997,2468000
3711,2014-10-03,106.129997,111.110001,106.080002,109.160004,2706000
3712,2014-10-06,109.620003,109.870003,106.580002,107.059998,1483800
3713,2014-10-07,104.139999,104.139999,99.18,99.269997,4229700
3714,2014-10-08,99.400002,103.25,96.870003,103.120003,3527500
3715,2014-10-09,102.5,103.260002,97.769997,97.910004,2709500
3716,2014-10-10,97.790001,97.860001,93.470001,93.739998,3277200
3717,2014-10-13,93.919998,94.980003,90.110001,90.300003,2795700
3718,2014-10-14,91.019997,94.599998,90.870003,92.449997,2908100
3719,2014-10-15,91.269997,94.080002,88.339996,93.43,3109200
3720,2014-10-16,93.550003,100.900002,89.43,99.639999,6522100
3721,2014-10-17,103.389999,106.5,100.5,103.269997,3487900
3722,2014-10-20,102.5,104.260002,101.790001,104.010002,2719700
3723,2014-10-21,105.050003,109.220001,104.849998,108.650002,2713300
3724,2014-10-22,109.029999,109.150002,104.75,104.900002,2030800
3725,2014-10-23,107.010002,108.550003,106.400002,107.410004,1818000
3726,2014-10-24,107.690002,107.989998,106.050003,107.959999,1026900
3727,2014-10-27,107.330002,107.370003,104.730003,106.160004,1412100
3728,2014-10-28,106.68,108.870003,106.410004,108.739998,1426100
3729,2014-10-29,108.779999,109.989998,106.059998,107.160004,1493900
3730,2014-10-30,106.68,107.629997,105.209999,106.120003,1372000
3731,2014-10-31,108.010002,110.389999,107.519997,110.059998,1770900
3732,2014-11-03,109.919998,113.610001,109.900002,111.809998,1663000
3733,2014-11-04,111.040001,111.290001,107.629997,109.599998,1598800
3734,2014-11-05,110.889999,112.5,110.419998,111.169998,1276700
3735,2014-11-06,111.410004,114.019997,111.110001,113.760002,1369800
3736,2014-11-07,113.559998,114.949997,112.849998,113.389999,1358000
3737,2014-11-10,113.709999,114.940002,113.309998,113.699997,957300
3738,2014-11-11,114.0,115.230003,112.669998,113.980003,975000
3739,2014-11-12,113.32,115.080002,112.940002,114.43,999900
3740,2014-11-13,114.029999,114.709999,112.620003,113.550003,1164400
3741,2014-11-14,113.309998,115.260002,113.089996,115.169998,1113300
3742,2014-11-17,114.32,114.68,112.290001,113.010002,1203900
3743,2014-11-18,113.169998,114.599998,112.57,114.169998,877300
3744,2014-11-19,113.769997,114.5,112.5,114.300003,895800
3745,2014-11-20,113.629997,114.839996,112.900002,114.519997,750700
3746,2014-11-21,115.830002,116.82,114.330002,114.709999,1163200
3747,2014-11-24,115.0,116.529999,113.75,115.739998,1161200
3748,2014-11-25,115.739998,119.120003,115.739998,119.019997,1791000
3749,2014-11-26,118.610001,119.349998,117.709999,118.699997,970600
3750,2014-11-28,118.5,118.5,111.330002,113.309998,1554500
3751,2014-12-01,111.82,112.25,103.849998,106.370003,3768000
3752,2014-12-02,107.190002,109.349998,107.07,108.739998,1997400
3753,2014-12-03,109.57,113.209999,108.910004,112.510002,1803300
3754,2014-12-04,112.220001,113.529999,110.720001,113.349998,1537900
3755,2014-12-05,115.169998,116.290001,112.959999,114.540001,1465800
3756,2014-12-08,113.989998,114.230003,109.349998,110.839996,1490700
3757,2014-12-09,108.910004,109.379997,106.370003,109.309998,2397400
3758,2014-12-10,109.349998,111.169998,107.589996,108.209999,2045200
3759,2014-12-11,108.389999,110.339996,106.25,106.529999,1846200
3760,2014-12-12,105.019997,105.029999,99.580002,99.68,3356700
3761,2014-12-15,101.010002,102.639999,98.809998,99.459999,2561100
3762,2014-12-16,98.730003,104.349998,98.260002,99.709999,3449300
3763,2014-12-17,99.75,100.239998,97.0,99.190002,4814600
3764,2014-12-18,101.419998,103.209999,99.169998,100.760002,2703900
3765,2014-12-19,101.040001,101.860001,99.669998,101.330002,3073700
3766,2014-12-22,101.669998,102.940002,101.010002,102.370003,1354700
3767,2014-12-23,102.730003,105.440002,102.589996,104.68,1337600
3768,2014-12-24,104.730003,106.029999,104.190002,104.839996,667100
3769,2014-12-26,104.989998,106.800003,104.989998,106.029999,847400
3770,2014-12-29,105.889999,106.419998,105.239998,105.690002,736400
3771,2014-12-30,105.209999,105.769997,103.550003,104.120003,1029800
3772,2014-12-31,104.599998,104.599998,101.870003,102.010002,1361800
3773,2015-01-02,103.110001,103.849998,100.459999,103.589996,1321800
3774,2015-01-05,102.68,102.82,90.980003,92.25,5609000
3775,2015-01-06,92.650002,92.839996,86.279999,89.389999,6799400
3776,2015-01-07,90.470001,90.900002,87.760002,88.580002,3973500
3777,2015-01-08,90.07,91.129997,89.5,90.470001,3246900
3778,2015-01-09,90.57,91.5,88.160004,89.290001,2475900
3779,2015-01-12,89.290001,89.290001,84.779999,85.779999,3570500
3780,2015-01-13,87.230003,88.400002,84.080002,85.809998,2901100
3781,2015-01-14,82.949997,84.480003,81.910004,84.0,3916300
3782,2015-01-15,84.290001,85.449997,83.080002,83.110001,3331000
3783,2015-01-16,82.300003,84.230003,81.25,82.309998,4509300
3784,2015-01-20,82.419998,84.839996,81.290001,84.470001,3399800
3785,2015-01-21,84.25,88.099998,83.989998,87.559998,4274400
3786,2015-01-22,91.629997,92.089996,82.110001,86.029999,7588100
3787,2015-01-23,87.690002,89.5,86.849998,88.43,6580100
3788,2015-01-26,88.849998,91.540001,88.730003,90.459999,4462900
3789,2015-01-27,87.900002,89.779999,87.0,88.720001,3230600
3790,2015-01-28,89.0,89.440002,86.010002,86.260002,4035000
3791,2015-01-29,86.5,86.82,84.660004,86.32,3160300
3792,2015-01-30,85.370003,85.980003,82.699997,82.849998,4288500
3793,2015-02-02,83.010002,85.610001,82.510002,85.150002,3084000
3794,2015-02-03,85.879997,90.32,85.669998,90.089996,3568300
3795,2015-02-04,89.0,89.980003,88.18,89.0,2760000
3796,2015-02-05,89.559998,90.68,88.519997,89.0,1992000
3797,2015-02-06,90.139999,91.0,88.75,89.720001,1631200
3798,2015-02-09,89.139999,91.449997,89.139999,90.970001,2019300
3799,2015-02-10,92.0,92.080002,90.120003,91.07,1463900
3800,2015-02-11,90.779999,90.889999,89.18,90.059998,1605700
3801,2015-02-12,90.550003,92.0,90.400002,91.57,1283200
3802,2015-02-13,91.989998,93.910004,91.800003,92.980003,1281500
3803,2015-02-17,92.940002,94.760002,92.449997,94.290001,1527400
3804,2015-02-18,94.790001,95.629997,94.099998,95.389999,1586700
3805,2015-02-19,93.809998,95.459999,93.029999,94.809998,1387100
3806,2015-02-20,94.690002,96.029999,93.529999,95.980003,1198000
3807,2015-02-23,95.43,95.900002,94.010002,94.540001,1266000
3808,2015-02-24,94.589996,95.040001,93.480003,93.860001,947100
3809,2015-02-25,94.059998,94.410004,92.989998,94.059998,1054300
3810,2015-02-26,94.360001,94.839996,93.400002,94.260002,1282400
3811,2015-02-27,94.360001,94.839996,93.0,93.059998,1418800
3812,2015-03-02,95.010002,95.269997,93.489998,94.660004,1919000
3813,2015-03-03,94.900002,95.5,93.989998,94.309998,1195900
3814,2015-03-04,94.0,94.0,91.199997,92.339996,1503800
3815,2015-03-05,92.540001,92.550003,90.760002,92.059998,1340500
3816,2015-03-06,90.75,92.459999,90.25,90.5,1727000
3817,2015-03-09,91.0,91.209999,90.129997,90.82,955600
3818,2015-03-10,89.459999,89.470001,86.379997,87.050003,3164400
3819,2015-03-11,87.080002,88.209999,86.5,87.610001,1711000
3820,2015-03-12,87.870003,89.07,87.779999,88.199997,1375000
3821,2015-03-13,87.489998,87.970001,86.099998,87.800003,1808900
3822,2015-03-16,88.239998,88.720001,87.0,87.790001,1567600
3823,2015-03-17,87.760002,88.769997,87.199997,87.330002,1643400
3824,2015-03-18,86.82,89.800003,86.0,88.919998,3346900
3825,2015-03-19,88.849998,88.849998,87.660004,88.480003,1340500
3826,2015-03-20,89.07,89.300003,88.129997,88.849998,1894300
3827,2015-03-23,88.669998,88.919998,88.07,88.690002,1656000
3828,2015-03-24,88.480003,89.690002,88.300003,88.910004,1399800
3829,2015-03-25,89.800003,90.599998,89.169998,89.169998,2225900
3830,2015-03-26,88.489998,92.110001,88.25,91.089996,2922600
3831,2015-03-27,90.599998,90.919998,89.040001,90.050003,2245300
3832,2015-03-30,90.639999,92.32,90.510002,91.860001,1230900
3833,2015-03-31,91.129997,92.150002,90.269997,91.160004,1691900
3834,2015-04-01,90.459999,92.730003,90.400002,91.480003,1578300
3835,2015-04-02,91.379997,92.349998,90.620003,90.650002,1572700
3836,2015-04-06,90.160004,94.07,90.0,93.629997,1582900
3837,2015-04-07,93.610001,94.190002,92.75,92.940002,985100
3838,2015-04-08,92.970001,94.139999,91.739998,93.169998,1444600
3839,2015-04-09,93.010002,94.720001,92.699997,94.660004,1423300
3840,2015-04-10,95.239998,96.050003,94.550003,95.959999,1400800
3841,2015-04-13,95.959999,96.75,95.599998,95.830002,1432600
3842,2015-04-14,95.540001,97.669998,95.5,97.57,1674600
3843,2015-04-15,97.599998,100.019997,96.739998,99.300003,1839400
3844,2015-04-16,98.739998,98.980003,97.410004,97.489998,1598500
3845,2015-04-17,96.669998,97.110001,95.260002,96.459999,2199600
3846,2015-04-20,98.0,99.150002,97.0,98.860001,2368800
3847,2015-04-21,99.25,99.43,96.870003,97.900002,2766200
3848,2015-04-22,94.0,97.519997,93.720001,95.790001,6819300
3849,2015-04-23,96.050003,99.0,96.0,98.529999,2698200
3850,2015-04-24,99.269997,99.43,96.339996,96.639999,2093500
3851,2015-04-27,96.980003,97.879997,96.029999,96.519997,1778300
3852,2015-04-28,96.57,96.959999,95.199997,96.239998,1533300
3853,2015-04-29,96.029999,98.489998,95.919998,97.760002,1956800
3854,2015-04-30,97.209999,98.639999,96.150002,96.580002,1424100
3855,2015-05-01,96.879997,99.540001,96.879997,99.269997,1352600
3856,2015-05-04,99.449997,99.989998,98.5,99.019997,897700
3857,2015-05-05,99.220001,102.940002,99.099998,100.529999,2860800
3858,2015-05-06,100.989998,101.589996,99.339996,99.849998,1873500
3859,2015-05-07,99.510002,100.050003,98.0,99.300003,1511000
3860,2015-05-08,100.459999,101.5,99.980003,101.410004,954400
3861,2015-05-11,101.18,101.989998,99.559998,101.650002,2077300
3862,2015-05-12,100.690002,103.400002,100.169998,102.980003,2715300
3863,2015-05-13,103.0,104.68,102.910004,103.480003,2138700
3864,2015-05-14,103.830002,104.239998,102.470001,103.050003,981800
3865,2015-05-15,102.910004,103.480003,100.900002,103.169998,1635800
3866,2015-05-18,103.209999,103.790001,102.449997,103.610001,1055600
3867,2015-05-19,104.160004,104.269997,101.639999,102.010002,1454000
3868,2015-05-20,101.959999,103.400002,101.089996,103.25,1249500
3869,2015-05-21,103.010002,105.830002,103.010002,105.129997,2316100
3870,2015-05-22,104.989998,105.360001,103.639999,104.889999,1159500
3871,2015-05-26,104.699997,105.120003,103.889999,104.360001,1413900
3872,2015-05-27,104.449997,105.440002,104.089996,104.5,1154400
3873,2015-05-28,101.0,101.0,94.269997,94.949997,8954200
3874,2015-05-29,92.669998,93.32,87.900002,88.910004,10706500
3875,2015-06-01,89.68,90.809998,88.519997,90.379997,3950600
3876,2015-06-02,90.199997,92.879997,90.18,92.059998,2883000
3877,2015-06-03,92.279999,92.940002,91.18,91.629997,2239000
3878,2015-06-04,90.849998,91.849998,90.699997,91.190002,2116500
3879,2015-06-05,91.510002,92.269997,90.849998,91.860001,1307400
3880,2015-06-08,91.870003,92.32,90.169998,90.339996,1635700
3881,2015-06-09,90.230003,90.580002,88.459999,88.879997,2340900
3882,2015-06-10,89.57,90.339996,89.07,89.68,1889100
3883,2015-06-11,89.769997,90.360001,89.599998,89.720001,1305900
3884,2015-06-12,90.839996,92.25,89.870003,91.440002,2325300
3885,2015-06-15,90.779999,91.760002,89.849998,91.139999,1483900
3886,2015-06-16,89.110001,89.5,86.879997,88.760002,3588700
3887,2015-06-17,88.93,91.050003,88.82,90.529999,2134000
3888,2015-06-18,90.769997,93.0,90.709999,92.580002,1905200
3889,2015-06-19,92.18,92.730003,91.760002,91.919998,1409900
3890,2015-06-22,92.25,92.650002,91.129997,92.129997,1503300
3891,2015-06-23,92.400002,93.349998,92.029999,92.57,1816500
3892,2015-06-24,92.510002,92.989998,91.57,92.32,1136900
3893,2015-06-25,92.610001,92.610001,88.989998,89.580002,2111800
3894,2015-06-26,89.849998,90.029999,89.120003,89.970001,1568100
3895,2015-06-29,88.879997,89.389999,87.080002,87.239998,2221400
3896,2015-06-30,88.120003,88.599998,87.5,87.620003,1809400
3897,2015-07-01,87.639999,87.989998,82.959999,83.599998,4131900
3898,2015-07-02,83.709999,84.669998,83.080002,84.279999,1788800
3899,2015-07-06,83.309998,85.269997,82.629997,83.25,1737200
3900,2015-07-07,83.300003,83.690002,80.080002,83.309998,2301700
3901,2015-07-08,82.940002,83.129997,78.900002,80.050003,2950900
3902,2015-07-09,81.5,83.309998,81.339996,81.370003,2446900
3903,2015-07-10,82.440002,82.589996,81.18,81.389999,1463300
3904,2015-07-13,82.209999,82.629997,81.449997,82.010002,1647000
3905,2015-07-14,81.900002,82.550003,81.410004,82.32,1446900
3906,2015-07-15,82.07,82.209999,80.080002,80.129997,2771900
3907,2015-07-16,80.959999,82.32,80.519997,81.779999,2058000
3908,2015-07-17,81.93,82.339996,80.300003,81.260002,2165200
3909,2015-07-20,80.510002,80.790001,79.110001,79.199997,2756000
3910,2015-07-21,79.25,80.129997,78.339996,78.769997,2252700
3911,2015-07-22,78.410004,78.480003,76.82,77.629997,3110300
3912,2015-07-23,71.879997,74.919998,66.739998,66.980003,13080400
3913,2015-07-24,66.75,66.75,62.459999,64.720001,12555600
3914,2015-07-27,64.220001,66.550003,63.009998,65.160004,4908200
3915,2015-07-28,65.860001,67.5,65.610001,66.93,3835600
3916,2015-07-29,67.160004,67.550003,66.25,66.879997,3717900
3917,2015-07-30,66.010002,66.720001,64.879997,66.540001,2109100
3918,2015-07-31,66.900002,68.489998,66.779999,66.989998,2492800
3919,2015-08-03,66.459999,66.639999,65.110001,65.279999,2177400
3920,2015-08-04,66.010002,66.900002,65.169998,65.5,1902100
3921,2015-08-05,66.0,67.059998,65.290001,65.470001,1801300
3922,2015-08-06,65.309998,66.209999,64.660004,65.660004,2304200
3923,2015-08-07,65.400002,66.120003,63.669998,63.810001,1859900
3924,2015-08-10,64.739998,67.489998,64.18,66.709999,2596500
3925,2015-08-11,65.779999,67.089996,64.610001,65.839996,2707400
3926,2015-08-12,64.879997,66.440002,64.029999,66.269997,1985600
3927,2015-08-13,66.629997,66.830002,64.139999,64.309998,2266100
3928,2015-08-14,64.269997,65.389999,64.269997,65.330002,1710300
3929,2015-08-17,65.160004,65.660004,64.199997,65.580002,1130300
3930,2015-08-18,65.099998,65.93,65.099998,65.510002,1569200
3931,2015-08-19,65.110001,66.629997,64.910004,65.559998,1989500
3932,2015-08-20,64.650002,66.389999,64.529999,64.550003,2328900
3933,2015-08-21,63.07,63.900002,61.630001,61.66,2585700
3934,2015-08-24,56.880001,63.959999,56.66,60.919998,4292600
3935,2015-08-25,63.470001,63.790001,60.799999,60.830002,3131900
3936,2015-08-26,62.279999,63.59,60.970001,63.509998,2479800
3937,2015-08-27,65.0,68.769997,64.629997,68.300003,3243300
3938,2015-08-28,67.919998,69.209999,66.519997,67.059998,2298400
3939,2015-08-31,66.800003,69.580002,66.209999,69.330002,2357100
3940,2015-09-01,67.309998,67.919998,65.010002,65.339996,2348200
3941,2015-09-02,67.510002,68.959999,65.510002,67.360001,2645500
3942,2015-09-03,67.5,68.809998,66.279999,67.830002,2652100
3943,2015-09-04,66.620003,67.010002,65.160004,66.080002,1544000
3944,2015-09-08,67.470001,68.230003,66.379997,67.989998,1564000
3945,2015-09-09,68.940002,71.980003,67.959999,69.220001,3724600
3946,2015-09-10,69.120003,70.470001,68.57,68.980003,1782900
3947,2015-09-11,68.300003,69.540001,67.610001,69.449997,1250400
3948,2015-09-14,69.169998,69.43,67.400002,67.629997,1776200
3949,2015-09-15,67.790001,69.949997,67.790001,69.830002,1391900
3950,2015-09-16,69.980003,72.459999,69.82,72.279999,2316600
3951,2015-09-17,71.790001,72.190002,69.330002,69.599998,3133100
3952,2015-09-18,68.190002,68.669998,66.599998,67.129997,2777900
3953,2015-09-21,67.910004,68.620003,67.07,67.610001,1924800
3954,2015-09-22,66.519997,67.199997,65.669998,66.699997,1712400
3955,2015-09-23,66.760002,66.93,62.57,63.299999,2627500
3956,2015-09-24,62.049999,62.720001,59.07,61.810001,3364800
3957,2015-09-25,64.480003,64.870003,62.23,62.799999,2560500
3958,2015-09-28,62.299999,62.459999,59.330002,59.48,2168500
3959,2015-09-29,59.68,60.490002,58.619999,59.939999,1527100
3960,2015-09-30,60.599998,61.73,59.299999,60.049999,2327900
3961,2015-10-01,60.580002,61.970001,59.459999,59.84,3333500
3962,2015-10-02,59.0,59.68,57.41,59.650002,3803000
3963,2015-10-05,60.5,65.029999,60.450001,64.410004,2624200
3964,2015-10-06,64.370003,66.32,64.269997,65.730003,2256600
3965,2015-10-07,66.779999,69.230003,65.93,67.900002,3148100
3966,2015-10-08,68.18,71.529999,67.599998,70.529999,2639300
3967,2015-10-09,71.059998,72.050003,69.620003,70.760002,2170600
3968,2015-10-12,70.510002,70.739998,68.940002,69.519997,1708400
3969,2015-10-13,68.75,71.949997,68.010002,70.010002,2326000
3970,2015-10-14,69.959999,71.010002,68.879997,70.199997,2062000
3971,2015-10-15,69.5,69.879997,67.019997,69.269997,2568900
3972,2015-10-16,69.18,69.18,66.040001,66.889999,2777000
3973,2015-10-19,66.470001,66.93,65.019997,65.389999,2218400
3974,2015-10-20,65.019997,67.730003,64.220001,66.209999,2860900
3975,2015-10-21,66.68,68.199997,65.010002,67.199997,3384600
3976,2015-10-22,69.82,74.849998,69.279999,73.900002,5773500
3977,2015-10-23,74.150002,75.970001,73.099998,73.959999,2677600
3978,2015-10-26,74.139999,75.0,73.120003,73.849998,2215600
3979,2015-10-27,72.470001,73.290001,71.230003,71.980003,1568300
3980,2015-10-28,72.32,75.150002,71.93,74.690002,1608700
3981,2015-10-29,73.949997,75.419998,73.269997,74.260002,1458600
3982,2015-10-30,74.620003,75.510002,73.949997,74.860001,1514300
3983,2015-11-02,74.839996,76.580002,74.730003,76.040001,1332200
3984,2015-11-03,75.900002,78.089996,75.650002,76.970001,1821300
3985,2015-11-04,77.339996,77.919998,75.980003,76.559998,959700
3986,2015-11-05,76.389999,78.620003,75.690002,78.339996,2017800
3987,2015-11-06,77.449997,80.18,77.019997,79.839996,1954100
3988,2015-11-09,79.400002,79.959999,76.18,77.5,1846300
3989,2015-11-10,77.169998,78.089996,76.279999,77.720001,1305100
3990,2015-11-11,77.970001,77.970001,76.669998,76.989998,1321100
3991,2015-11-12,75.459999,76.32,73.32,73.489998,2541800
3992,2015-11-13,73.529999,74.82,73.110001,74.139999,1879500
3993,2015-11-16,74.059998,75.290001,73.629997,74.75,1575900
3994,2015-11-17,76.220001,77.860001,75.410004,75.660004,1999200
3995,2015-11-18,76.120003,77.209999,75.839996,76.989998,1425700
3996,2015-11-19,76.470001,76.959999,75.019997,75.559998,1413000
3997,2015-11-20,75.989998,76.93,75.239998,75.580002,1163300
3998,2015-11-23,75.400002,76.470001,75.349998,76.139999,1318600
3999,2015-11-24,75.870003,78.360001,75.75,77.410004,2109900
4000,2015-11-25,77.730003,78.599998,76.410004,77.879997,1177800
4001,2015-11-27,77.32,78.199997,76.800003,77.160004,454100
4002,2015-11-30,77.360001,79.18,77.129997,78.669998,1434500
4003,2015-12-01,78.629997,79.32,77.43,78.410004,1528200
4004,2015-12-02,77.849998,78.190002,75.580002,76.209999,1495600
4005,2015-12-03,76.580002,77.620003,74.550003,75.199997,1578600
4006,2015-12-04,74.699997,75.470001,73.989998,74.139999,1666100
4007,2015-12-07,73.300003,73.529999,69.699997,70.459999,2664300
4008,2015-12-08,68.800003,69.779999,67.5,67.93,2744700
4009,2015-12-09,69.870003,72.660004,69.779999,71.07,2620400
4010,2015-12-10,70.690002,72.089996,70.57,71.040001,1319600
4011,2015-12-11,69.620003,70.510002,67.279999,67.559998,1841100
4012,2015-12-14,67.07,67.279999,64.029999,66.129997,2551800
4013,2015-12-15,67.209999,68.910004,66.959999,67.580002,1676300
4014,2015-12-16,68.220001,69.389999,67.540001,69.230003,1617400
4015,2015-12-17,69.230003,69.230003,66.870003,66.900002,1712000
4016,2015-12-18,66.709999,68.25,66.029999,67.18,2670500
4017,2015-12-21,67.5,70.150002,67.360001,69.050003,2029600
4018,2015-12-22,69.309998,72.669998,69.050003,72.050003,2131300
4019,2015-12-23,72.779999,75.089996,72.510002,74.82,2115200
4020,2015-12-24,74.760002,75.440002,74.5,74.599998,779900
4021,2015-12-28,73.43,73.75,71.059998,72.470001,1524600
4022,2015-12-29,73.080002,73.870003,72.309998,73.32,1127100
4023,2015-12-30,72.800003,73.599998,72.400002,72.68,1091100
4024,2015-12-31,72.07,73.120003,71.989998,72.540001,1539700
4025,2016-01-04,71.110001,71.510002,68.730003,70.760002,2257300
4026,2016-01-05,70.849998,71.300003,69.389999,70.050003,1605700
4027,2016-01-06,68.75,69.139999,66.010002,66.699997,2748800
4028,2016-01-07,64.889999,64.959999,61.709999,62.360001,3385600
4029,2016-01-08,63.049999,63.779999,61.509998,61.810001,2025500
4030,2016-01-11,62.169998,62.360001,59.77,60.959999,1678700
4031,2016-01-12,61.990002,63.849998,59.66,61.279999,2168200
4032,2016-01-13,61.959999,63.52,56.599998,57.740002,2824900
4033,2016-01-14,58.23,58.32,54.669998,57.139999,3572800
4034,2016-01-15,55.560001,56.0,53.610001,54.900002,3140200
4035,2016-01-19,56.02,56.689999,52.970001,54.0,2458900
4036,2016-01-20,52.380001,55.009998,50.25,54.41,2871400
4037,2016-01-21,54.400002,56.93,53.700001,55.310001,2712400
4038,2016-01-22,57.139999,59.650002,55.869999,57.740002,2617300
4039,2016-01-25,56.68,57.119999,54.509998,54.639999,3017300
4040,2016-01-26,55.25,56.93,54.709999,56.889999,2555800
4041,2016-01-27,56.400002,57.900002,54.73,55.84,3412600
4042,2016-01-28,49.900002,50.200001,44.599998,45.580002,11008000
4043,2016-01-29,45.009998,48.400002,44.59,47.91,4562000
4044,2016-02-01,47.459999,49.459999,46.650002,48.830002,3280300
4045,2016-02-02,47.709999,47.73,44.610001,45.759998,4333200
4046,2016-02-03,46.48,48.459999,44.880001,48.43,4192500
4047,2016-02-04,48.09,51.080002,47.98,48.68,2817200
4048,2016-02-05,47.759998,50.060001,47.509998,48.200001,2575800
4049,2016-02-08,47.139999,47.759998,45.169998,46.610001,2405600
4050,2016-02-09,45.509998,46.09,43.610001,44.779999,2745200
4051,2016-02-10,45.16,46.720001,44.639999,45.5,1972300
4052,2016-02-11,43.959999,44.830002,41.900002,43.34,2716900
4053,2016-02-12,44.32,45.849998,43.529999,45.450001,2189700
4054,2016-02-16,46.310001,47.77,45.59,47.560001,2241700
4055,2016-02-17,48.02,49.189999,47.310001,48.18,2332600
4056,2016-02-18,48.779999,50.450001,47.73,49.869999,2797900
4057,2016-02-19,49.220001,49.279999,46.650002,48.400002,2403600
4058,2016-02-22,49.68,52.169998,49.650002,51.610001,2249200
4059,2016-02-23,51.07,51.139999,49.380001,49.869999,1658800
4060,2016-02-24,49.139999,49.77,47.02,49.68,2023600
4061,2016-02-25,49.52,50.419998,47.880001,50.360001,1323400
4062,2016-02-26,51.0,52.32,50.669998,51.529999,1726200
4063,2016-02-29,51.580002,52.52,50.959999,51.57,1915200
4064,2016-03-01,52.099998,52.709999,49.91,52.470001,2105200
4065,2016-03-02,52.310001,54.529999,52.029999,54.310001,2054400
4066,2016-03-03,54.41,56.639999,53.939999,56.560001,2016900
4067,2016-03-04,57.049999,59.150002,55.689999,57.490002,2521800
4068,2016-03-07,57.599998,60.82,57.599998,59.849998,2453000
4069,2016-03-08,58.689999,58.939999,56.279999,56.84,2179200
4070,2016-03-09,57.119999,58.950001,55.93,58.240002,1347700
4071,2016-03-10,58.32,59.169998,56.459999,57.919998,1483800
4072,2016-03-11,58.889999,59.849998,58.529999,59.650002,1479200
4073,2016-03-14,59.16,60.41,58.27,60.009998,1584300
4074,2016-03-15,58.75,59.689999,58.450001,59.540001,1573200
4075,2016-03-16,59.279999,61.98,59.150002,61.759998,2221500
4076,2016-03-17,61.84,63.84,61.450001,63.369999,2119800
4077,2016-03-18,63.860001,64.379997,61.57,62.91,2627100
4078,2016-03-21,62.75,63.990002,62.130001,63.540001,1496900
4079,2016-03-22,62.830002,64.050003,62.68,63.77,1092100
4080,2016-03-23,63.77,63.77,61.25,61.599998,1626200
4081,2016-03-24,61.029999,62.540001,60.060001,61.990002,1386000
4082,2016-03-28,62.200001,62.630001,60.84,61.68,1332800
4083,2016-03-29,61.200001,62.669998,60.259998,62.560001,1421300
4084,2016-03-30,63.07,64.199997,62.369999,62.790001,1151300
4085,2016-03-31,62.580002,62.580002,60.740002,62.189999,2119600
4086,2016-04-01,60.450001,61.02,58.849998,60.810001,2500700
4087,2016-04-04,60.540001,61.290001,59.360001,59.470001,2650600
4088,2016-04-05,58.400002,59.43,58.200001,58.48,2308600
4089,2016-04-06,58.740002,59.57,56.970001,59.0,2268400
4090,2016-04-07,58.27,59.810001,57.450001,57.950001,1771800
4091,2016-04-08,59.009998,60.150002,58.860001,59.5,1377200
4092,2016-04-11,59.880001,60.990002,59.549999,59.580002,1467600
4093,2016-04-12,59.709999,60.279999,58.720001,59.959999,946200
4094,2016-04-13,60.82,62.380001,60.32,61.91,1664600
4095,2016-04-14,62.310001,62.549999,61.290001,61.34,1039800
4096,2016-04-15,61.0,61.240002,59.950001,61.0,1158900
4097,2016-04-18,60.360001,62.110001,60.130001,61.540001,1224800
4098,2016-04-19,62.209999,62.330002,60.650002,61.150002,2011800
4099,2016-04-20,61.049999,61.189999,60.0,60.139999,3440800
4100,2016-04-21,57.150002,65.739998,56.009998,64.870003,7669000
4101,2016-04-22,62.82,66.059998,62.52,66.010002,4653900
4102,2016-04-25,65.779999,67.139999,64.360001,64.82,2381000
4103,2016-04-26,65.480003,67.059998,65.300003,66.900002,1946400
4104,2016-04-27,66.849998,68.370003,66.43,68.07,1666500
4105,2016-04-28,67.699997,68.839996,66.660004,66.809998,1285300
4106,2016-04-29,66.75,67.830002,65.879997,66.93,1397200
4107,2016-05-02,67.18,67.440002,64.989998,65.769997,1460800
4108,2016-05-03,65.160004,65.480003,62.950001,63.490002,2069900
4109,2016-05-04,63.16,64.0,61.5,61.869999,2175200
4110,2016-05-05,62.490002,62.82,60.880001,61.040001,1990800
4111,2016-05-06,59.029999,61.73,58.830002,61.5,2681100
4112,2016-05-09,61.150002,61.700001,60.759998,61.02,1747300
4113,2016-05-10,61.330002,63.369999,61.080002,62.939999,1510600
4114,2016-05-11,62.66,63.279999,61.099998,61.759998,1604600
4115,2016-05-12,62.150002,62.880001,60.57,60.869999,1598900
4116,2016-05-13,60.639999,61.34,59.43,59.830002,1644200
4117,2016-05-16,60.310001,61.790001,60.200001,60.939999,1411500
4118,2016-05-17,61.669998,66.470001,61.669998,64.279999,4490000
4119,2016-05-18,63.700001,66.269997,63.549999,64.860001,2381600
4120,2016-05-19,64.150002,64.720001,62.650002,64.099998,1874500
4121,2016-05-20,64.529999,65.660004,64.360001,65.269997,1254800
4122,2016-05-23,65.110001,65.449997,64.209999,64.959999,1043500
4123,2016-05-24,65.519997,66.029999,64.540001,65.75,1083900
4124,2016-05-25,66.099998,68.32,65.760002,68.089996,1787500
4125,2016-05-26,68.5,70.089996,67.650002,68.199997,1564100
4126,2016-05-27,68.150002,68.580002,67.57,68.400002,1053100
4127,2016-05-31,68.419998,69.790001,68.160004,69.669998,1336400
4128,2016-06-01,68.889999,69.470001,67.690002,69.449997,2049100
4129,2016-06-02,69.029999,71.18,68.68,71.089996,1528000
4130,2016-06-03,70.980003,71.639999,69.07,71.269997,1789200
4131,2016-06-06,71.620003,73.910004,71.129997,73.669998,1667300
4132,2016-06-07,73.559998,74.75,73.089996,74.480003,1219900
4133,2016-06-08,74.68,76.040001,74.459999,74.919998,1336800
4134,2016-06-09,73.860001,74.349998,72.690002,74.110001,934900
4135,2016-06-10,72.849998,73.279999,70.739998,71.510002,2098600
4136,2016-06-13,71.18,71.699997,70.190002,70.309998,1402800
4137,2016-06-14,70.209999,71.639999,68.540001,70.0,2021100
4138,2016-06-15,70.290001,71.349998,69.290001,69.839996,1346600
4139,2016-06-16,67.540001,67.860001,65.040001,67.010002,4257800
4140,2016-06-17,67.639999,68.790001,67.209999,67.620003,3108900
4141,2016-06-20,69.5,70.099998,68.830002,68.849998,1959000
4142,2016-06-21,69.199997,69.480003,67.949997,68.959999,1224500
4143,2016-06-22,69.459999,70.040001,68.82,69.010002,1105700
4144,2016-06-23,70.360001,72.25,70.360001,72.230003,1452700
4145,2016-06-24,68.419998,69.860001,65.949997,66.25,2941000
4146,2016-06-27,65.440002,65.669998,61.779999,62.27,2057100
4147,2016-06-28,63.5,64.080002,61.830002,62.970001,2265900
4148,2016-06-29,63.900002,66.0,63.5,65.489998,1701100
4149,2016-06-30,65.900002,67.120003,64.68,67.099998,1741300
4150,2016-07-01,66.959999,67.5,65.809998,66.580002,2127400
4151,2016-07-05,65.879997,66.339996,62.630001,63.470001,1722900
4152,2016-07-06,62.810001,63.860001,61.919998,63.66,1897500
4153,2016-07-07,64.150002,65.739998,63.799999,64.629997,1971300
4154,2016-07-08,65.589996,67.599998,65.589996,67.440002,1274300
4155,2016-07-11,68.089996,69.220001,68.050003,68.260002,966400
4156,2016-07-12,69.379997,70.559998,69.220001,70.290001,1699900
4157,2016-07-13,70.480003,70.889999,68.459999,69.239998,1536400
4158,2016-07-14,68.739998,70.059998,67.809998,69.589996,1330000
4159,2016-07-15,69.980003,70.959999,69.529999,70.120003,1403300
4160,2016-07-18,69.870003,69.870003,68.650002,69.18,1500400
4161,2016-07-19,68.410004,68.629997,67.089996,67.93,1816200
4162,2016-07-20,68.0,70.089996,67.639999,69.860001,2774400
4163,2016-07-21,76.07,80.68,75.410004,76.25,9557400
4164,2016-07-22,76.889999,78.580002,75.510002,78.220001,3600000
4165,2016-07-25,78.099998,79.330002,77.889999,78.339996,2383800
4166,2016-07-26,78.300003,80.349998,78.25,80.040001,2316200
4167,2016-07-27,80.599998,81.5,79.480003,80.550003,1841100
4168,2016-07-28,80.339996,80.599998,78.940002,79.839996,1533300
4169,2016-07-29,79.620003,80.0,78.660004,79.669998,1582600
4170,2016-08-01,79.629997,79.650002,76.790001,77.349998,2461800
4171,2016-08-02,77.580002,78.050003,74.330002,75.32,2224600
4172,2016-08-03,75.470001,76.709999,75.32,76.599998,1284700
4173,2016-08-04,76.169998,77.220001,75.93,76.93,1222900
4174,2016-08-05,77.519997,79.790001,77.230003,79.449997,1803900
4175,2016-08-08,79.959999,80.760002,79.080002,79.470001,1017500
4176,2016-08-09,79.099998,80.82,78.529999,78.839996,1409800
4177,2016-08-10,79.239998,79.300003,77.739998,77.860001,1056400
4178,2016-08-11,78.489998,79.419998,78.010002,78.889999,1389700
4179,2016-08-12,78.68,79.470001,77.849998,78.370003,1223300
4180,2016-08-15,78.669998,79.690002,78.639999,79.230003,1160200
4181,2016-08-16,79.080002,79.25,77.769997,77.879997,1154200
4182,2016-08-17,77.919998,78.050003,77.160004,77.620003,1035200
4183,2016-08-18,78.160004,81.370003,78.160004,80.809998,2106100
4184,2016-08-19,80.239998,80.57,79.120003,80.230003,1387900
4185,2016-08-22,79.68,80.510002,79.010002,80.129997,1128400
4186,2016-08-23,80.730003,82.5,80.690002,82.120003,1774600
4187,2016-08-24,81.959999,82.830002,80.68,80.959999,1482300
4188,2016-08-25,80.730003,81.610001,80.599998,81.209999,933000
4189,2016-08-26,81.57,83.760002,81.419998,82.260002,1867700
4190,2016-08-29,82.25,83.589996,82.059998,82.889999,1067200
4191,2016-08-30,82.889999,83.669998,82.260002,82.82,1019100
4192,2016-08-31,82.5,82.599998,80.779999,82.309998,1695500
4193,2016-09-01,82.0,82.300003,79.699997,81.160004,1383800
4194,2016-09-02,81.949997,83.040001,81.68,81.959999,936700
4195,2016-09-06,81.959999,82.349998,81.339996,81.959999,978900
4196,2016-09-07,82.519997,84.0,81.989998,83.919998,1869400
4197,2016-09-08,83.879997,84.629997,82.849998,83.879997,1333000
4198,2016-09-09,82.400002,82.709999,77.879997,77.900002,2616300
4199,2016-09-12,77.029999,80.029999,76.540001,79.879997,2000400
4200,2016-09-13,78.660004,79.089996,76.529999,77.010002,2349500
4201,2016-09-14,77.169998,79.089996,76.620003,78.690002,1829500
4202,2016-09-15,78.720001,79.629997,78.190002,79.309998,1339000
4203,2016-09-16,78.32,78.68,77.07,77.639999,2139400
4204,2016-09-19,78.769997,80.330002,78.449997,79.18,1172100
4205,2016-09-20,79.489998,79.489998,75.559998,75.559998,2470500
4206,2016-09-21,76.339996,76.970001,74.599998,75.660004,2639000
4207,2016-09-22,76.419998,76.889999,74.970001,75.389999,2331000
4208,2016-09-23,75.279999,77.239998,74.989998,75.550003,2158100
4209,2016-09-26,75.360001,76.0,73.82,73.949997,1994300
4210,2016-09-27,73.519997,73.949997,72.849998,73.220001,1916200
4211,2016-09-28,73.470001,75.290001,73.230003,75.139999,2529100
4212,2016-09-29,75.0,76.980003,74.760002,76.339996,2522400
4213,2016-09-30,77.110001,78.910004,76.860001,78.489998,2598300
4214,2016-10-03,78.379997,79.540001,78.019997,78.93,1657900
4215,2016-10-04,80.150002,80.879997,78.830002,79.160004,1970000
4216,2016-10-05,79.980003,81.540001,79.629997,80.580002,2055400
4217,2016-10-06,80.639999,83.559998,80.639999,83.209999,2570600
4218,2016-10-07,82.830002,82.830002,80.419998,80.760002,2086300
4219,2016-10-10,81.389999,82.239998,80.690002,81.279999,1316800
4220,2016-10-11,81.279999,81.279999,78.940002,79.5,1341000
4221,2016-10-12,79.610001,80.559998,79.18,80.18,1073900
4222,2016-10-13,79.129997,79.160004,77.169998,78.209999,1542500
4223,2016-10-14,76.389999,76.900002,75.050003,75.269997,2695600
4224,2016-10-17,74.910004,76.019997,74.309998,75.699997,2203100
4225,2016-10-18,76.860001,77.220001,76.059998,76.440002,1768600
4226,2016-10-19,76.650002,76.849998,75.440002,75.580002,2826300
4227,2016-10-20,80.0,81.5,77.040001,79.129997,4268700
4228,2016-10-21,78.300003,79.800003,78.040001,79.18,1785400
4229,2016-10-24,78.650002,78.650002,76.349998,76.57,2169800
4230,2016-10-25,76.199997,77.480003,75.599998,76.489998,1967700
4231,2016-10-26,75.919998,76.82,75.309998,76.190002,1834500
4232,2016-10-27,76.589996,76.779999,75.400002,76.269997,1358500
4233,2016-10-28,76.360001,76.720001,74.860001,75.389999,1381000
4234,2016-10-31,75.599998,75.949997,74.900002,75.660004,1361500
4235,2016-11-01,75.889999,76.059998,72.260002,73.029999,1943100
4236,2016-11-02,72.610001,73.360001,70.580002,70.919998,2378300
4237,2016-11-03,71.309998,73.029999,70.739998,72.290001,2340100
4238,2016-11-04,72.370003,73.75,71.550003,72.160004,1783800
4239,2016-11-07,74.389999,76.160004,74.239998,76.110001,1712200
4240,2016-11-08,75.400002,76.239998,74.43,75.870003,1817200
4241,2016-11-09,82.900002,90.07,82.699997,88.860001,9739000
4242,2016-11-10,89.040001,92.800003,88.459999,89.5,4807100
4243,2016-11-11,88.959999,91.230003,88.169998,91.199997,2953200
4244,2016-11-14,91.900002,96.599998,91.279999,94.690002,3713600
4245,2016-11-15,93.910004,94.18,91.57,94.139999,2062700
4246,2016-11-16,91.010002,93.199997,90.779999,92.120003,1948100
4247,2016-11-17,92.0,92.879997,91.510002,92.230003,1181100
4248,2016-11-18,92.739998,92.800003,90.769997,90.949997,1449700
4249,2016-11-21,92.0,94.150002,91.720001,93.860001,2048400
4250,2016-11-22,94.389999,94.599998,93.279999,94.059998,1380900
4251,2016-11-23,94.230003,97.669998,94.230003,97.349998,2445700
4252,2016-11-25,97.349998,98.120003,96.760002,98.120003,652300
4253,2016-11-28,97.110001,97.93,94.830002,96.190002,1977600
4254,2016-11-29,94.589996,97.290001,94.199997,96.300003,1586900
4255,2016-11-30,98.510002,101.870003,98.510002,101.110001,3275400
4256,2016-12-01,101.470001,105.699997,101.25,104.290001,3847700
4257,2016-12-02,103.889999,105.57,103.25,104.849998,2206800
4258,2016-12-05,105.269997,106.419998,104.870003,105.309998,1904000
4259,2016-12-06,104.620003,107.580002,104.400002,107.169998,1524900
4260,2016-12-07,107.019997,109.75,106.760002,109.120003,1927000
4261,2016-12-08,109.389999,109.900002,106.589996,108.300003,1872000
4262,2016-12-09,108.68,109.629997,107.25,108.0,1527600
4263,2016-12-12,108.68,108.830002,103.709999,107.029999,1848400
4264,2016-12-13,106.879997,107.400002,105.360001,106.300003,1602500
4265,2016-12-14,105.589996,107.160004,104.650002,105.050003,1399600
4266,2016-12-15,104.879997,108.239998,104.220001,107.139999,1906900
4267,2016-12-16,107.419998,107.489998,105.559998,105.709999,1998200
4268,2016-12-19,106.18,107.68,105.639999,106.269997,982000
4269,2016-12-20,106.459999,108.059998,106.139999,107.25,1013800
4270,2016-12-21,107.059998,108.620003,106.949997,108.480003,1480700
4271,2016-12-22,108.260002,108.980003,106.110001,106.860001,1047500
4272,2016-12-23,107.459999,108.529999,107.459999,108.059998,539600
4273,2016-12-27,108.5,109.309998,108.25,108.580002,584200
4274,2016-12-28,108.760002,109.550003,105.730003,106.209999,1170000
4275,2016-12-29,106.580002,107.769997,105.870003,106.699997,751600
4276,2016-12-30,107.099998,107.550003,104.699997,105.580002,1168500
4277,2017-01-03,107.879997,110.790001,107.300003,109.309998,1903200
4278,2017-01-04,109.5,110.5,108.400002,109.870003,1090200
4279,2017-01-05,109.900002,111.809998,108.220001,110.150002,1348300
4280,2017-01-06,110.290001,111.0,108.910004,109.379997,1147800
4281,2017-01-09,108.120003,108.900002,106.120003,106.160004,1811400
4282,2017-01-10,106.809998,110.610001,106.809998,108.900002,2138800
4283,2017-01-11,108.910004,109.989998,107.690002,109.260002,1538500
4284,2017-01-12,109.0,109.349998,105.330002,106.540001,1490800
4285,2017-01-13,106.5,108.300003,106.239998,107.050003,953600
4286,2017-01-17,106.720001,108.110001,105.650002,107.230003,1219600
4287,2017-01-18,107.470001,111.300003,107.089996,111.019997,2067500
4288,2017-01-19,110.709999,112.5,109.610001,110.449997,1614700
4289,2017-01-20,110.980003,111.949997,110.440002,111.190002,1252300
4290,2017-01-23,110.980003,111.25,109.410004,110.110001,1312200
4291,2017-01-24,111.150002,114.470001,110.529999,113.610001,1783800
4292,2017-01-25,115.0,115.610001,112.589996,114.260002,3048100
4293,2017-01-26,123.419998,129.389999,122.050003,127.059998,6527800
4294,2017-01-27,126.599998,128.639999,125.199997,128.259995,2471200
4295,2017-01-30,128.740005,128.929993,124.720001,128.770004,2762400
4296,2017-01-31,129.0,129.600006,124.129997,126.510002,3671200
4297,2017-02-01,127.529999,131.190002,127.529999,129.889999,2867700
4298,2017-02-02,127.339996,128.899994,126.279999,127.089996,1764500
4299,2017-02-03,127.82,129.600006,127.82,128.649994,1576400
4300,2017-02-06,127.800003,128.720001,125.879997,126.309998,1382400
4301,2017-02-07,126.68,127.489998,125.400002,126.239998,1255000
4302,2017-02-08,125.889999,125.889999,123.059998,124.650002,1863400
4303,2017-02-09,124.650002,126.639999,123.769997,125.440002,1531900
4304,2017-02-10,126.150002,127.540001,125.389999,127.120003,1313700
4305,2017-02-13,127.309998,128.910004,127.150002,127.779999,1789800
4306,2017-02-14,127.239998,129.0,126.059998,128.789993,952900
4307,2017-02-15,128.5,129.570007,127.190002,129.179993,1135200
4308,2017-02-16,128.669998,129.279999,126.43,127.860001,989600
4309,2017-02-17,126.949997,126.949997,125.019997,126.029999,1120700
4310,2017-02-21,126.650002,129.520004,126.440002,128.929993,1311900
4311,2017-02-22,127.839996,128.139999,126.349998,128.059998,1124800
4312,2017-02-23,129.059998,129.860001,120.339996,120.900002,3066000
4313,2017-02-24,119.360001,124.699997,119.110001,124.150002,2269400
4314,2017-02-27,124.709999,128.860001,124.209999,128.210007,1748900
4315,2017-02-28,126.809998,128.690002,126.0,128.029999,1539700
4316,2017-03-01,130.789993,134.279999,130.770004,133.360001,2489100
4317,2017-03-02,133.110001,133.240005,128.649994,129.009995,1962800
4318,2017-03-03,129.009995,130.149994,126.919998,128.720001,1467900
4319,2017-03-06,127.220001,130.160004,126.900002,129.779999,1443600
4320,2017-03-07,129.369995,130.5,127.459999,128.149994,1497100
4321,2017-03-08,129.080002,129.979996,124.160004,124.300003,2009300
4322,2017-03-09,124.0,125.220001,120.589996,121.980003,3077000
4323,2017-03-10,123.849998,124.800003,121.339996,122.949997,1454000
4324,2017-03-13,122.980003,125.059998,122.980003,124.199997,1362800
4325,2017-03-14,122.160004,122.18,119.300003,122.120003,2049200
4326,2017-03-15,123.199997,127.040001,122.760002,126.349998,2135100
4327,2017-03-16,127.0,128.460007,124.919998,125.279999,1369700
4328,2017-03-17,125.720001,126.779999,125.150002,125.190002,977700
4329,2017-03-20,124.470001,125.839996,123.010002,124.989998,950000
4330,2017-03-21,125.330002,125.75,119.589996,120.010002,1795400
4331,2017-03-22,119.330002,121.480003,118.139999,120.379997,1393800
4332,2017-03-23,119.699997,122.480003,119.43,120.82,1058600
4333,2017-03-24,121.330002,122.75,119.529999,120.690002,1259800
4334,2017-03-27,117.459999,120.010002,115.099998,119.559998,1422400
4335,2017-03-28,119.589996,124.660004,119.220001,123.239998,1636600
4336,2017-03-29,123.059998,125.029999,122.57,123.639999,1069600
4337,2017-03-30,123.660004,124.550003,122.970001,124.169998,873600
4338,2017-03-31,123.349998,126.190002,123.18,125.050003,979300
4339,2017-04-03,125.110001,125.279999,121.620003,123.830002,1258000
4340,2017-04-04,123.120003,124.889999,122.730003,123.769997,831500
4341,2017-04-05,125.0,126.769997,120.279999,121.059998,1657500
4342,2017-04-06,121.510002,124.959999,121.199997,124.0,1263300
4343,2017-04-07,123.589996,125.43,123.080002,123.410004,1264600
4344,2017-04-10,124.370003,126.57,123.940002,125.959999,1442300
4345,2017-04-11,125.989998,126.559998,124.019997,125.93,954200
4346,2017-04-12,125.559998,126.059998,120.82,121.129997,1506000
4347,2017-04-13,121.32,123.209999,119.25,119.290001,1324200
4348,2017-04-17,120.010002,120.970001,119.050003,120.949997,1302900
4349,2017-04-18,119.769997,120.510002,117.93,119.860001,1338900
4350,2017-04-19,120.959999,122.589996,118.980003,119.449997,2840100
4351,2017-04-20,113.739998,114.639999,110.599998,113.239998,6931700
4352,2017-04-21,112.900002,113.25,108.82,111.459999,3743400
4353,2017-04-24,113.709999,114.790001,113.110001,113.559998,2589200
4354,2017-04-25,114.349998,115.230003,112.529999,113.300003,2021300
4355,2017-04-26,113.300003,114.860001,113.169998,113.400002,1534400
4356,2017-04-27,112.889999,113.400002,108.010002,109.519997,2798800
4357,2017-04-28,111.940002,112.879997,109.230003,109.660004,2562300
4358,2017-05-01,109.809998,110.0,107.059998,108.879997,1639600
4359,2017-05-02,108.980003,109.779999,107.620003,108.620003,1400900
4360,2017-05-03,107.669998,108.769997,106.610001,107.699997,1434300
4361,2017-05-04,107.699997,107.93,105.730003,107.360001,1606000
4362,2017-05-05,107.57,109.050003,106.849998,108.959999,1365300
4363,2017-05-08,110.739998,112.150002,110.68,111.68,2212800
4364,2017-05-09,112.019997,112.550003,111.07,111.699997,1324200
4365,2017-05-10,111.75,114.949997,111.370003,114.230003,1779700
4366,2017-05-11,113.800003,115.169998,111.379997,114.43,1491400
4367,2017-05-12,113.599998,113.660004,111.239998,112.160004,1200100
4368,2017-05-15,113.129997,114.75,112.650002,113.830002,1333000
4369,2017-05-16,113.68,114.019997,110.620003,111.720001,1358000
4370,2017-05-17,111.720001,111.720001,104.720001,105.099998,2397800
4371,2017-05-18,104.209999,107.400002,102.730003,106.5,2588700
4372,2017-05-19,106.919998,110.589996,106.910004,110.099998,1706200
4373,2017-05-22,110.68,111.260002,109.190002,110.599998,1007000
4374,2017-05-23,110.580002,111.309998,109.260002,111.300003,1047900
4375,2017-05-24,111.209999,113.349998,110.269997,110.809998,1457300
4376,2017-05-25,110.860001,113.93,110.260002,111.400002,1684900
4377,2017-05-26,111.0,111.860001,109.949997,111.169998,787000
4378,2017-05-30,110.730003,112.07,109.970001,110.650002,1122100
4379,2017-05-31,110.349998,111.07,106.32,108.730003,2129400
4380,2017-06-01,109.580002,112.360001,109.0,109.970001,1759300
4381,2017-06-02,109.660004,109.709999,108.160004,108.489998,1582700
4382,2017-06-05,108.400002,108.400002,104.239998,105.739998,2856400
4383,2017-06-06,105.050003,106.589996,103.480003,106.32,1993800
4384,2017-06-07,106.669998,106.809998,104.580002,105.260002,1496200
4385,2017-06-08,105.260002,108.080002,104.870003,106.540001,1242900
4386,2017-06-09,106.839996,110.800003,106.610001,110.220001,2118200
4387,2017-06-12,110.669998,111.82,109.919998,111.82,1946400
4388,2017-06-13,111.349998,111.949997,109.639999,111.660004,1614900
4389,2017-06-14,111.239998,111.239998,104.07,104.809998,3048800
4390,2017-06-15,103.760002,105.669998,102.860001,103.489998,2141300
4391,2017-06-16,103.660004,105.220001,102.730003,105.199997,1882200
4392,2017-06-19,105.639999,107.449997,105.379997,106.949997,1018200
4393,2017-06-20,106.220001,106.220001,102.419998,103.910004,2093100
4394,2017-06-21,104.260002,104.739998,100.620003,101.620003,1902800
4395,2017-06-22,102.169998,104.349998,101.300003,103.82,1377000
4396,2017-06-23,104.0,105.760002,103.279999,104.849998,1580000
4397,2017-06-26,104.959999,107.18,104.959999,106.110001,862300
4398,2017-06-27,106.790001,108.650002,105.75,105.779999,1292700
4399,2017-06-28,107.089996,109.089996,106.82,108.489998,1264300
4400,2017-06-29,109.709999,113.660004,108.790001,109.699997,2428400
4401,2017-06-30,110.709999,113.870003,110.519997,112.709999,2065200
4402,2017-07-03,113.599998,115.080002,112.599998,113.209999,747900
4403,2017-07-05,113.760002,117.550003,112.760002,114.269997,1905800
4404,2017-07-06,114.18,115.400002,111.919998,112.349998,2250600
4405,2017-07-07,112.389999,113.019997,111.110001,112.550003,1024800
4406,2017-07-10,112.059998,114.650002,111.089996,113.540001,1114800
4407,2017-07-11,113.830002,114.080002,111.919998,113.690002,817400
4408,2017-07-12,114.730003,117.32,114.059998,114.260002,1258000
4409,2017-07-13,116.099998,116.099998,113.339996,114.739998,1844300
4410,2017-07-14,115.07,117.650002,114.330002,117.209999,1260500
4411,2017-07-17,118.620003,119.440002,117.160004,117.790001,1506000
4412,2017-07-18,117.339996,117.839996,116.300003,117.480003,1723700
4413,2017-07-19,117.480003,119.190002,117.040001,118.699997,1781700
4414,2017-07-20,124.0,126.260002,121.389999,122.540001,3581600
4415,2017-07-21,120.75,121.529999,119.25,119.309998,1782200
4416,2017-07-24,119.5,120.459999,117.529999,118.389999,1355800
4417,2017-07-25,119.769997,122.959999,119.690002,121.18,1749400
4418,2017-07-26,122.169998,122.169998,119.760002,120.169998,949500
4419,2017-07-27,120.190002,121.230003,118.709999,120.769997,1086800
4420,2017-07-28,120.610001,120.940002,119.029999,119.730003,1109400
4421,2017-07-31,119.919998,120.25,118.419998,118.959999,866700
4422,2017-08-01,119.470001,119.57,115.669998,116.559998,1597800
4423,2017-08-02,115.870003,117.040001,114.059998,115.029999,1307100
4424,2017-08-03,115.480003,117.080002,115.209999,116.309998,1177200
4425,2017-08-04,117.199997,118.660004,117.010002,118.370003,920600
4426,2017-08-07,118.519997,118.839996,117.440002,118.099998,830500
4427,2017-08-08,117.400002,119.419998,116.879997,117.379997,848700
4428,2017-08-09,116.080002,116.809998,114.599998,115.309998,944900
4429,2017-08-10,114.709999,115.5,111.559998,111.620003,1697800
4430,2017-08-11,111.419998,112.25,110.699997,111.540001,982700
4431,2017-08-14,113.0,113.669998,111.989998,112.199997,1209900
4432,2017-08-15,113.099998,113.220001,111.599998,111.989998,681900
4433,2017-08-16,112.82,113.330002,111.160004,111.970001,995900
4434,2017-08-17,115.75,116.0,111.589996,111.82,2070200
4435,2017-08-18,112.959999,113.209999,110.650002,111.860001,1411900
4436,2017-08-21,111.709999,111.860001,107.669998,108.400002,1366700
4437,2017-08-22,109.0,112.559998,109.0,112.440002,1378700
4438,2017-08-23,111.360001,111.739998,108.690002,108.690002,1019300
4439,2017-08-24,109.0,109.760002,107.330002,107.610001,973600
4440,2017-08-25,108.050003,108.389999,106.519997,107.260002,1073000
4441,2017-08-28,108.5,110.769997,108.220001,110.709999,1338200
4442,2017-08-29,109.580002,115.839996,109.43,114.940002,2941900
4443,2017-08-30,115.099998,119.800003,113.129997,119.190002,3207200
4444,2017-08-31,119.589996,120.709999,117.540001,118.059998,1734300
4445,2017-09-01,118.370003,121.18,118.370003,120.559998,1646500
4446,2017-09-05,120.559998,121.68,117.860001,119.089996,1508500
4447,2017-09-06,120.459999,121.43,119.790001,121.160004,1439500
4448,2017-09-07,121.5,123.160004,120.330002,123.089996,1871400
4449,2017-09-08,123.5,128.0,123.5,126.690002,2616500
4450,2017-09-11,125.400002,126.339996,123.449997,125.029999,2174600
4451,2017-09-12,127.110001,128.490005,126.169998,127.690002,1418600
4452,2017-09-13,127.5,129.630005,126.110001,128.820007,1434700
4453,2017-09-14,128.270004,128.75,126.790001,127.360001,1301900
4454,2017-09-15,127.150002,128.820007,126.970001,128.100006,1119500
4455,2017-09-18,128.100006,129.509995,128.089996,129.429993,920000
4456,2017-09-19,129.5,129.960007,128.119995,129.889999,846800
4457,2017-09-20,130.0,132.300003,129.720001,130.740005,1041600
4458,2017-09-21,131.210007,131.210007,129.899994,130.119995,894800
4459,2017-09-22,129.720001,132.809998,129.009995,132.309998,998000
4460,2017-09-25,132.720001,132.979996,131.220001,132.210007,1023900
4461,2017-09-26,132.399994,134.570007,132.020004,133.940002,1040700
4462,2017-09-27,134.630005,137.119995,134.149994,135.690002,1236700
4463,2017-09-28,135.770004,138.330002,135.179993,137.970001,1039300
4464,2017-09-29,137.960007,139.979996,136.960007,138.740005,1224400
4465,2017-10-02,139.199997,139.75,136.839996,139.199997,1368300
4466,2017-10-03,139.710007,142.710007,138.979996,142.710007,1670200
4467,2017-10-04,142.220001,142.309998,139.460007,140.75,1654000
4468,2017-10-05,141.539993,143.149994,140.809998,141.979996,997700
4469,2017-10-06,141.429993,143.070007,141.0,142.240005,865300
4470,2017-10-09,142.660004,142.880005,141.089996,142.490005,810800
4471,2017-10-10,143.600006,144.190002,140.350006,141.550003,1105600
4472,2017-10-11,141.830002,142.440002,140.910004,142.160004,825600
4473,2017-10-12,140.990005,144.350006,140.160004,144.009995,1120100
4474,2017-10-13,144.899994,145.559998,143.429993,144.210007,884900
4475,2017-10-16,145.889999,146.669998,144.449997,145.789993,1204000
4476,2017-10-17,145.429993,145.630005,143.009995,143.339996,1525600
4477,2017-10-18,144.070007,144.600006,142.160004,144.320007,1922400
4478,2017-10-19,144.800003,147.600006,140.940002,144.399994,2955500
4479,2017-10-20,144.809998,146.690002,144.029999,144.399994,2525000
4480,2017-10-23,144.440002,144.639999,141.199997,141.479996,1372400
4481,2017-10-24,142.449997,145.5,142.179993,143.940002,1420400
4482,2017-10-25,143.25,144.100006,138.190002,138.910004,2508100
4483,2017-10-26,139.75,142.229996,139.300003,141.240005,2021000
4484,2017-10-27,141.339996,146.059998,141.339996,145.940002,1365800
4485,2017-10-30,145.320007,146.720001,143.25,143.589996,1256900
4486,2017-10-31,143.600006,144.820007,141.229996,141.479996,1329100
4487,2017-11-01,143.339996,144.589996,142.600006,143.669998,1147300
4488,2017-11-02,143.369995,146.869995,143.0,145.580002,1025900
4489,2017-11-03,145.089996,146.0,144.460007,144.710007,708200
4490,2017-11-06,145.259995,148.520004,145.119995,148.399994,1092300
4491,2017-11-07,148.399994,149.449997,146.559998,147.550003,765000
4492,2017-11-08,146.919998,148.839996,146.5,148.740005,917600
4493,2017-11-09,146.0,147.389999,143.050003,145.089996,1045000
4494,2017-11-10,144.949997,146.979996,144.949997,146.309998,743300
4495,2017-11-13,145.190002,145.720001,143.580002,144.610001,1313900
4496,2017-11-14,143.75,146.169998,143.75,144.869995,1112900
4497,2017-11-15,143.970001,144.850006,141.360001,143.380005,1058600
4498,2017-11-16,145.0,148.559998,143.649994,148.360001,1648900
4499,2017-11-17,147.75,151.149994,147.429993,150.089996,1607300
4500,2017-11-20,149.75,152.759995,149.75,151.5,1026900
4501,2017-11-21,152.100006,155.0,152.0,153.690002,1318800
4502,2017-11-22,154.610001,154.960007,152.5,153.270004,1053300
4503,2017-11-24,153.610001,155.449997,152.160004,153.160004,768100
4504,2017-11-27,152.880005,154.740005,152.369995,153.360001,1004900
4505,2017-11-28,154.020004,156.800003,153.179993,156.600006,863000
4506,2017-11-29,156.0,158.679993,155.190002,157.839996,1184000
4507,2017-11-30,158.479996,161.350006,158.039993,159.479996,1467000
4508,2017-12-01,159.070007,159.449997,151.300003,157.089996,1735800
4509,2017-12-04,160.220001,163.919998,159.729996,159.75,1312800
4510,2017-12-05,159.75,161.580002,158.199997,159.190002,918200
4511,2017-12-06,158.190002,159.630005,156.850006,158.279999,606400
4512,2017-12-07,158.220001,163.160004,157.860001,162.380005,966100
4513,2017-12-08,163.740005,165.179993,162.770004,164.0,1094800
4514,2017-12-11,164.529999,165.649994,163.119995,163.820007,949400
4515,2017-12-12,164.0,165.850006,163.160004,163.649994,832300
4516,2017-12-13,162.990005,165.699997,160.369995,163.809998,948200
4517,2017-12-14,163.820007,165.300003,160.949997,161.169998,990400
4518,2017-12-15,162.800003,165.600006,162.339996,164.289993,1225900
4519,2017-12-18,165.979996,169.050003,165.559998,168.570007,1292000
4520,2017-12-19,169.369995,170.330002,165.020004,166.380005,1390100
4521,2017-12-20,167.990005,169.020004,165.729996,168.300003,1419100
4522,2017-12-21,169.690002,170.740005,167.649994,170.470001,1090300
4523,2017-12-22,170.470001,171.320007,168.220001,169.490005,575000
4524,2017-12-26,169.0,171.830002,168.990005,170.610001,749700
4525,2017-12-27,170.470001,172.220001,170.020004,171.470001,611000
4526,2017-12-28,172.380005,173.470001,171.029999,173.330002,801600
4527,2017-12-29,173.789993,174.399994,171.779999,171.910004,624500
4528,2018-01-02,172.919998,173.960007,171.699997,173.580002,813300
4529,2018-01-03,174.449997,175.740005,173.399994,175.190002,844100
4530,2018-01-04,175.850006,176.619995,169.630005,172.0,1331000
4531,2018-01-05,173.0,173.320007,169.5,171.380005,1078600
4532,2018-01-08,171.289993,172.669998,169.429993,172.449997,1623600
4533,2018-01-09,172.75,173.529999,170.699997,172.429993,981500
4534,2018-01-10,171.729996,174.929993,171.5,173.199997,1100500
4535,2018-01-11,174.809998,179.990005,174.639999,179.990005,1533900
4536,2018-01-12,180.600006,182.860001,179.520004,180.889999,882600
4537,2018-01-16,181.949997,184.0,176.679993,178.970001,1083800
4538,2018-01-17,178.759995,180.679993,177.520004,180.169998,693800
4539,2018-01-18,180.330002,181.789993,179.770004,181.240005,814400
4540,2018-01-19,181.699997,184.25,180.820007,183.669998,1208300
4541,2018-01-22,184.0,187.169998,181.0,187.119995,995400
4542,2018-01-23,187.5,188.729996,183.880005,185.869995,1531500
4543,2018-01-24,186.470001,187.080002,183.880005,185.520004,1836900
4544,2018-01-25,186.0,189.0,176.550003,181.910004,3108700
4545,2018-01-26,184.690002,187.25,180.440002,185.369995,1963200
4546,2018-01-29,184.929993,188.309998,180.210007,180.470001,1996900
4547,2018-01-30,177.059998,182.990005,176.789993,182.139999,1401100
4548,2018-01-31,185.100006,185.889999,179.779999,181.110001,1420300
4549,2018-02-01,180.679993,183.529999,178.449997,179.649994,1431400
4550,2018-02-02,177.580002,178.210007,173.039993,173.300003,1496700
4551,2018-02-05,171.720001,176.009995,166.580002,166.710007,2209500
4552,2018-02-06,162.279999,172.759995,161.410004,171.339996,1982500
4553,2018-02-07,170.490005,176.059998,170.309998,173.580002,1839700
4554,2018-02-08,173.830002,173.919998,161.860001,161.990005,2291400
4555,2018-02-09,164.509995,166.440002,156.009995,164.259995,2529300
4556,2018-02-12,166.630005,168.770004,163.210007,166.059998,1551500
4557,2018-02-13,165.100006,167.460007,164.529999,166.330002,1359300
4558,2018-02-14,164.020004,168.289993,163.339996,167.039993,1284800
4559,2018-02-15,169.039993,169.690002,164.110001,167.240005,1203600
4560,2018-02-16,166.410004,170.690002,166.410004,168.020004,1047800
4561,2018-02-20,167.190002,174.75,166.800003,172.25,1356900
4562,2018-02-21,171.860001,175.610001,171.600006,171.899994,1293400
4563,2018-02-22,173.649994,176.440002,172.589996,175.160004,1706000
4564,2018-02-23,176.690002,179.229996,175.380005,179.089996,1317300
4565,2018-02-26,180.360001,181.070007,177.360001,180.630005,1123100
4566,2018-02-27,180.5,182.160004,178.309998,178.419998,1138300
4567,2018-02-28,179.460007,179.990005,175.039993,175.089996,1373500
4568,2018-03-01,174.759995,175.0,170.449997,173.240005,1782300
4569,2018-03-02,172.649994,177.110001,169.5,176.600006,1659800
4570,2018-03-05,175.300003,181.119995,173.759995,180.710007,1325900
4571,2018-03-06,180.779999,185.839996,178.550003,184.990005,1365600
4572,2018-03-07,182.779999,184.699997,177.309998,181.350006,1883700
4573,2018-03-08,181.539993,184.410004,180.009995,183.360001,885900
4574,2018-03-09,185.119995,189.559998,183.860001,189.399994,1069600
4575,2018-03-12,189.399994,189.5,185.399994,186.630005,1347700
4576,2018-03-13,187.639999,190.740005,186.110001,186.649994,908200
4577,2018-03-14,187.910004,188.210007,184.110001,184.820007,889600
4578,2018-03-15,186.020004,186.630005,182.369995,182.910004,1012400
4579,2018-03-16,183.0,188.0,182.619995,186.289993,1089200
4580,2018-03-19,185.619995,186.080002,182.850006,185.399994,1018300
4581,2018-03-20,185.679993,187.880005,184.820007,185.160004,1037800
4582,2018-03-21,184.970001,190.300003,184.509995,187.270004,913800
4583,2018-03-22,184.0,186.229996,179.580002,180.259995,1449100
4584,2018-03-23,181.110001,181.110001,174.020004,174.179993,1143200
4585,2018-03-26,177.630005,180.809998,175.910004,180.570007,1430700
4586,2018-03-27,181.479996,183.75,176.0,177.149994,1135700
4587,2018-03-28,177.220001,177.220001,168.949997,169.110001,1815400
4588,2018-03-29,170.899994,174.169998,168.440002,172.729996,1567900
4589,2018-04-02,172.039993,172.740005,163.570007,166.600006,1649800
4590,2018-04-03,167.279999,169.820007,166.320007,169.5,1340000
4591,2018-04-04,165.050003,174.389999,164.460007,173.679993,1478000
4592,2018-04-05,175.330002,178.759995,174.0,177.940002,1356900
4593,2018-04-06,176.220001,179.289993,169.610001,172.139999,1178700
4594,2018-04-09,173.970001,175.440002,171.660004,171.940002,932500
4595,2018-04-10,175.710007,178.759995,173.729996,177.970001,1115200
4596,2018-04-11,175.949997,178.339996,173.630005,173.970001,1026700
4597,2018-04-12,175.0,177.639999,174.389999,176.320007,791600
4598,2018-04-13,178.509995,178.839996,172.830002,172.949997,1289900
4599,2018-04-16,174.679993,176.839996,172.509995,174.130005,1663500
4600,2018-04-17,175.889999,178.190002,175.399994,177.539993,1456200
4601,2018-04-18,179.639999,181.660004,178.600006,180.0,2129300
4602,2018-04-19,174.0,175.75,165.75,168.220001,4919200
4603,2018-04-20,169.899994,170.179993,162.619995,163.220001,2347600
4604,2018-04-23,163.029999,164.949997,161.979996,163.610001,1244100
4605,2018-04-24,164.259995,164.929993,154.070007,156.429993,2294100
4606,2018-04-25,156.399994,158.699997,153.360001,157.880005,1413800
4607,2018-04-26,158.619995,159.0,153.669998,155.350006,1406500
4608,2018-04-27,155.080002,157.339996,155.059998,155.309998,1089800
4609,2018-04-30,155.350006,155.830002,149.889999,150.0,1262900
4610,2018-05-01,149.210007,151.199997,145.929993,148.639999,1859000
4611,2018-05-02,149.050003,152.0,148.699997,149.289993,1261800
4612,2018-05-03,148.960007,150.419998,145.339996,149.800003,1420300
4613,2018-05-04,149.600006,154.240005,148.080002,153.229996,1112700
4614,2018-05-07,154.509995,161.740005,154.440002,159.490005,2258900
4615,2018-05-08,158.639999,161.0,157.949997,159.330002,1510900
4616,2018-05-09,160.360001,162.839996,159.449997,162.320007,1180800
4617,2018-05-10,163.779999,167.160004,163.119995,166.360001,1335500
4618,2018-05-11,167.139999,168.539993,165.570007,166.889999,844900
4619,2018-05-14,167.789993,167.929993,165.070007,165.559998,918300
4620,2018-05-15,164.899994,166.5,164.0,165.550003,810900
4621,2018-05-16,165.399994,170.470001,165.389999,169.479996,1061300
4622,2018-05-17,169.389999,171.389999,168.399994,170.360001,842100
4623,2018-05-18,170.449997,172.399994,169.539993,169.820007,804900
4624,2018-05-21,171.440002,174.589996,170.520004,173.779999,818800
4625,2018-05-22,174.0,175.419998,166.539993,166.779999,1127000
4626,2018-05-23,165.399994,167.830002,163.639999,167.770004,1213600
4627,2018-05-24,166.0,168.839996,164.5,167.410004,928900
4628,2018-05-25,166.619995,166.830002,161.059998,161.940002,1284800
4629,2018-05-29,160.25,162.850006,159.289993,160.460007,835700
4630,2018-05-30,161.589996,163.320007,159.880005,162.369995,893100
4631,2018-05-31,162.149994,162.149994,159.080002,159.570007,1261200
4632,2018-06-01,161.199997,165.419998,160.679993,163.270004,1153700
4633,2018-06-04,163.550003,164.460007,160.820007,161.350006,908100
4634,2018-06-05,161.770004,164.419998,161.570007,163.919998,713100
4635,2018-06-06,164.830002,165.809998,163.440002,164.850006,1079700
4636,2018-06-07,165.509995,167.75,164.380005,166.220001,1037900
4637,2018-06-08,165.529999,166.889999,164.880005,166.800003,533700
4638,2018-06-11,166.550003,168.800003,166.070007,167.929993,566300
4639,2018-06-12,168.399994,172.570007,168.169998,169.800003,954600
4640,2018-06-13,169.770004,169.809998,166.539993,166.639999,725800
4641,2018-06-14,166.690002,168.75,163.949997,164.460007,866200
4642,2018-06-15,162.300003,163.110001,158.630005,160.850006,1866600
4643,2018-06-18,159.119995,163.800003,158.630005,163.320007,983900
4644,2018-06-19,160.720001,161.139999,156.320007,159.389999,1443700
4645,2018-06-20,160.259995,162.0,158.339996,161.690002,897900
4646,2018-06-21,160.399994,160.490005,152.020004,153.179993,2113300
4647,2018-06-22,157.949997,160.809998,154.5,154.949997,2398700
4648,2018-06-25,153.5,153.5,145.919998,148.149994,2172300
4649,2018-06-26,149.110001,149.759995,146.320007,147.479996,1626200
4650,2018-06-27,148.589996,151.970001,146.460007,146.570007,1544300
4651,2018-06-28,146.289993,147.910004,143.399994,147.470001,1093100
4652,2018-06-29,148.399994,151.470001,147.449997,147.619995,1530000
4653,2018-07-02,144.639999,146.429993,142.610001,144.75,1096400
4654,2018-07-03,146.139999,148.589996,144.949997,145.149994,644000
4655,2018-07-05,146.550003,148.759995,145.139999,148.5,1365100
4656,2018-07-06,148.660004,151.360001,147.5,149.529999,1047200
4657,2018-07-09,150.679993,155.5,150.350006,155.110001,1153500
4658,2018-07-10,158.389999,158.910004,153.029999,154.289993,1743500
4659,2018-07-11,151.740005,153.929993,151.470001,151.690002,1038000
4660,2018-07-12,153.479996,153.839996,150.240005,152.309998,1074300
4661,2018-07-13,154.199997,156.080002,153.679993,154.830002,1115400
4662,2018-07-16,154.330002,154.75,151.179993,151.75,1429900
4663,2018-07-17,150.759995,153.270004,150.070007,152.210007,1262400
4664,2018-07-18,153.610001,155.770004,151.610001,154.910004,2483500
4665,2018-07-19,150.070007,156.690002,150.0,156.570007,3005100
4666,2018-07-20,155.470001,156.399994,150.839996,151.110001,1808500
4667,2018-07-23,150.990005,151.529999,147.419998,149.320007,1751000
4668,2018-07-24,150.820007,151.880005,146.320007,147.940002,1477000
4669,2018-07-25,146.949997,147.649994,143.330002,146.360001,1634500
4670,2018-07-26,146.229996,152.300003,146.220001,150.970001,1394400
4671,2018-07-27,151.759995,152.300003,146.350006,147.309998,1075700
4672,2018-07-30,148.0,149.389999,145.089996,145.449997,1065600
4673,2018-07-31,146.199997,149.550003,146.199997,148.800003,1504800
4674,2018-08-01,148.740005,149.149994,145.589996,146.860001,1288600
4675,2018-08-02,145.470001,148.020004,144.089996,147.130005,890300
4676,2018-08-03,147.899994,148.5,146.360001,148.410004,817900
4677,2018-08-06,148.199997,151.729996,148.059998,151.320007,1034300
4678,2018-08-07,152.070007,154.300003,151.880005,154.020004,1344900
4679,2018-08-08,153.440002,153.720001,151.75,151.850006,758300
4680,2018-08-09,152.039993,152.910004,150.600006,150.759995,549100
4681,2018-08-10,149.259995,150.160004,147.300003,148.589996,703400
4682,2018-08-13,148.619995,149.990005,147.259995,148.179993,786100
4683,2018-08-14,148.619995,152.529999,148.5,151.210007,987600
4684,2018-08-15,149.470001,149.589996,144.5,146.869995,1351600
4685,2018-08-16,148.389999,150.479996,148.259995,148.990005,649100
4686,2018-08-17,149.0,150.990005,148.690002,150.509995,620300
4687,2018-08-20,150.649994,156.190002,150.559998,154.440002,1066900
4688,2018-08-21,154.949997,159.570007,154.949997,157.940002,1271100
4689,2018-08-22,157.360001,159.059998,156.509995,157.320007,781100
4690,2018-08-23,156.639999,156.919998,153.869995,154.130005,505300
4691,2018-08-24,155.169998,156.770004,154.399994,156.169998,533200
4692,2018-08-27,157.300003,160.050003,156.449997,159.309998,1095300
4693,2018-08-28,160.0,161.479996,157.699997,158.479996,746300
4694,2018-08-29,158.789993,160.279999,156.520004,159.770004,637500
4695,2018-08-30,159.320007,159.320007,156.139999,156.679993,807400
4696,2018-08-31,156.029999,156.75,155.330002,155.869995,826100
4697,2018-09-04,155.869995,159.0,155.050003,158.100006,1119000
4698,2018-09-05,157.160004,158.509995,155.940002,156.619995,1088400
4699,2018-09-06,157.320007,157.979996,151.419998,153.820007,1341300
4700,2018-09-07,152.630005,153.470001,150.770004,152.300003,938700
4701,2018-09-10,154.990005,161.220001,153.820007,159.990005,1928200
4702,2018-09-11,159.520004,169.149994,159.509995,168.380005,2860700
4703,2018-09-12,169.229996,169.229996,165.350006,167.100006,1881700
4704,2018-09-13,167.940002,170.429993,166.199997,166.850006,1220100
4705,2018-09-14,167.089996,169.740005,166.649994,168.949997,1070600
4706,2018-09-17,169.259995,169.880005,164.419998,164.940002,1327100
4707,2018-09-18,165.179993,167.520004,164.369995,167.050003,1020900
4708,2018-09-19,167.5,172.410004,166.899994,168.960007,1091000
4709,2018-09-20,170.460007,173.0,168.259995,171.759995,1523900
4710,2018-09-21,172.119995,172.300003,168.779999,169.039993,1575000
4711,2018-09-24,168.5,168.899994,166.320007,168.070007,780000
4712,2018-09-25,168.429993,169.240005,166.899994,168.589996,698800
4713,2018-09-26,168.570007,170.729996,167.050003,167.860001,810700
4714,2018-09-27,169.279999,170.529999,167.240005,169.080002,588100
4715,2018-09-28,168.210007,168.550003,163.580002,163.600006,1472400
4716,2018-10-01,164.279999,165.440002,161.979996,162.669998,1444000
4717,2018-10-02,162.0,163.369995,160.339996,160.399994,1078300
4718,2018-10-03,161.5,167.289993,161.490005,165.529999,1178500
4719,2018-10-04,165.160004,165.839996,161.119995,163.190002,910100
4720,2018-10-05,162.410004,163.919998,157.130005,159.220001,1370500
4721,2018-10-08,157.940002,158.860001,153.350006,156.070007,1382600
4722,2018-10-09,155.440002,155.710007,152.619995,152.740005,1177600
4723,2018-10-10,152.309998,152.580002,143.630005,144.839996,2359800
4724,2018-10-11,144.020004,147.970001,139.649994,139.839996,1971700
4725,2018-10-12,144.809998,144.809998,135.679993,137.880005,2478700
4726,2018-10-15,137.5,139.399994,136.369995,137.619995,1558900
4727,2018-10-16,138.210007,141.559998,136.25,141.220001,1792300
4728,2018-10-17,141.830002,141.880005,138.529999,139.039993,2601700
4729,2018-10-18,132.300003,133.610001,117.550003,118.129997,9440700
4730,2018-10-19,118.769997,123.0,116.879997,117.120003,4771800
4731,2018-10-22,118.32,119.199997,113.889999,114.910004,3394200
4732,2018-10-23,110.389999,115.620003,107.910004,114.410004,3645700
4733,2018-10-24,114.980003,116.970001,106.730003,106.989998,3411600
4734,2018-10-25,109.540001,113.160004,109.010002,111.330002,2323200
4735,2018-10-26,109.0,110.919998,106.480003,109.230003,2312800
4736,2018-10-29,110.959999,113.949997,107.419998,109.290001,2136800
4737,2018-10-30,108.300003,115.980003,108.019997,115.620003,2622600
4738,2018-10-31,119.290001,126.43,118.75,120.07,4268200
4739,2018-11-01,122.339996,126.040001,120.550003,125.709999,3101100
4740,2018-11-02,126.620003,127.709999,122.800003,125.139999,2470800
4741,2018-11-05,125.860001,128.339996,122.379997,126.699997,1519700
4742,2018-11-06,126.150002,129.919998,126.050003,129.759995,1751200
4743,2018-11-07,132.860001,134.490005,129.850006,131.320007,2878100
4744,2018-11-08,132.25,133.169998,126.349998,126.720001,2085800
4745,2018-11-09,124.870003,127.599998,120.120003,126.669998,2131800
4746,2018-11-12,126.790001,127.349998,119.830002,121.160004,2027700
4747,2018-11-13,121.220001,123.610001,118.949997,119.57,1946900
4748,2018-11-14,121.639999,123.660004,117.68,119.690002,1660900
4749,2018-11-15,118.970001,119.870003,114.699997,118.5,2120800
4750,2018-11-16,117.5,118.059998,114.190002,114.970001,2379000
4751,2018-11-19,114.300003,116.279999,112.199997,112.540001,1974200
4752,2018-11-20,109.32,112.470001,107.25,109.849998,2356100
4753,2018-11-21,111.650002,115.330002,111.459999,113.0,1575100
4754,2018-11-23,110.540001,111.959999,109.790001,109.879997,699200
4755,2018-11-26,111.300003,115.739998,111.300003,115.32,1341200
4756,2018-11-27,113.879997,115.029999,111.400002,112.540001,1615400
4757,2018-11-28,113.32,117.480003,110.379997,117.25,1662500
4758,2018-11-29,116.239998,117.300003,115.0,115.919998,1082100
4759,2018-11-30,115.330002,117.879997,114.760002,117.129997,1477300
4760,2018-12-03,121.5,124.230003,118.0,119.260002,1612800
4761,2018-12-04,118.209999,118.949997,105.949997,106.290001,3214400
4762,2018-12-06,103.440002,106.650002,102.089996,104.830002,2415800
4763,2018-12-07,106.089996,107.989998,103.220001,103.940002,2570000
4764,2018-12-10,103.07,104.57,99.5,101.860001,1975700
4765,2018-12-11,103.959999,107.190002,100.839996,101.860001,1606200
4766,2018-12-12,107.120003,112.07,107.029999,108.300003,3437900
4767,2018-12-13,110.25,112.900002,108.5,108.879997,2203700
4768,2018-12-14,106.550003,109.620003,105.360001,105.800003,1833800
4769,2018-12-17,105.050003,108.489998,102.949997,105.410004,1569200
4770,2018-12-18,106.300003,109.519997,102.860001,104.540001,1710400
4771,2018-12-19,104.239998,108.540001,100.07,100.900002,2404200
4772,2018-12-20,100.339996,103.160004,99.5,101.360001,2518600
4773,2018-12-21,102.239998,104.900002,99.029999,99.510002,2378800
4774,2018-12-24,98.470001,99.57,95.650002,95.900002,1007900
4775,2018-12-26,96.610001,103.239998,94.279999,103.120003,1553700
4776,2018-12-27,100.93,104.809998,99.480003,104.790001,1448300
4777,2018-12-28,105.43,105.43,100.839996,101.5,1832300
4778,2018-12-31,102.779999,103.239998,98.779999,102.529999,1743500
4779,2019-01-02,100.309998,105.989998,99.0,105.620003,1729600
4780,2019-01-03,104.389999,104.389999,100.5,101.980003,1771300
4781,2019-01-04,104.419998,110.839996,103.470001,110.129997,2396900
4782,2019-01-07,110.849998,115.730003,108.110001,114.120003,2153200
4783,2019-01-08,116.279999,117.129997,114.010002,116.260002,2046600
4784,2019-01-09,118.239998,119.57,114.849998,118.470001,1641100
4785,2019-01-10,116.440002,119.940002,115.599998,118.779999,1576400
4786,2019-01-11,117.370003,118.849998,115.330002,117.449997,1355300
4787,2019-01-14,116.0,118.0,115.519997,116.739998,1202000
4788,2019-01-15,117.32,117.790001,114.599998,116.150002,1086500
4789,2019-01-16,116.739998,118.5,116.169998,117.5,1203000
4790,2019-01-17,117.129997,120.629997,117.0,119.379997,1742600
4791,2019-01-18,120.959999,124.550003,119.300003,123.32,2275400
4792,2019-01-22,121.099998,122.010002,117.029999,118.239998,2388700
4793,2019-01-23,119.339996,119.400002,114.059998,116.019997,3024300
4794,2019-01-24,121.519997,125.0,119.730003,123.32,4040600
4795,2019-01-25,124.699997,127.660004,123.400002,127.260002,3089100
4796,2019-01-28,124.489998,126.760002,123.0,124.790001,1710400
4797,2019-01-29,125.589996,126.269997,124.010002,124.32,1335400
4798,2019-01-30,125.669998,128.0,122.300003,127.970001,2009500
4799,2019-01-31,127.709999,127.709999,124.470001,125.260002,1497600
4800,2019-02-01,124.870003,127.239998,124.419998,126.339996,1750500
4801,2019-02-04,126.260002,129.460007,125.050003,129.389999,1389700
4802,2019-02-05,129.050003,131.0,128.029999,129.139999,1258800
4803,2019-02-06,128.619995,130.160004,128.0,128.899994,934700
4804,2019-02-07,127.75,128.350006,124.529999,125.980003,1401700
4805,2019-02-08,124.599998,126.379997,123.660004,126.290001,1137700
4806,2019-02-11,126.550003,128.729996,126.139999,127.889999,946300
4807,2019-02-12,129.550003,132.460007,129.199997,131.410004,1333000
4808,2019-02-13,132.729996,133.770004,132.089996,132.139999,1148900
4809,2019-02-14,131.410004,132.100006,130.0,131.699997,1178100
4810,2019-02-15,133.070007,136.050003,132.110001,134.860001,1630500
4811,2019-02-19,134.389999,135.399994,130.630005,134.289993,1710100
4812,2019-02-20,134.960007,137.649994,134.210007,136.259995,1254400
4813,2019-02-21,136.0,136.949997,133.830002,135.050003,1186000
4814,2019-02-22,136.039993,137.089996,135.380005,136.839996,1118300
4815,2019-02-25,137.880005,139.029999,135.699997,136.289993,1328400
4816,2019-02-26,135.449997,136.699997,134.149994,134.839996,1297200
4817,2019-02-27,134.919998,136.270004,133.419998,135.660004,916600
4818,2019-02-28,135.330002,136.059998,134.240005,134.589996,995400
4819,2019-03-01,136.639999,138.5,134.039993,135.690002,1108300
4820,2019-03-04,136.490005,137.160004,131.369995,132.490005,1470400
4821,2019-03-05,132.699997,132.779999,130.309998,130.440002,1715600
4822,2019-03-06,130.699997,130.779999,127.889999,128.050003,1170700
4823,2019-03-07,127.68,127.839996,123.75,126.580002,1934400
4824,2019-03-08,123.849998,124.730003,121.620003,123.239998,1491700
4825,2019-03-11,123.18,124.089996,122.550003,124.010002,1213800
4826,2019-03-12,124.519997,126.0,122.050003,125.300003,1553400
4827,2019-03-13,126.099998,127.059998,124.199997,124.339996,1011600
4828,2019-03-14,123.529999,123.75,121.620003,121.709999,1013700
4829,2019-03-15,121.75,122.879997,119.849998,120.139999,1919900
4830,2019-03-18,120.57,123.260002,120.0,122.989998,1208100
4831,2019-03-19,123.800003,124.5,120.330002,120.68,1385400
4832,2019-03-20,120.269997,120.309998,114.059998,116.110001,3348200
4833,2019-03-21,115.660004,119.190002,115.379997,119.059998,1401000
4834,2019-03-22,118.110001,118.150002,110.889999,110.959999,2664000
4835,2019-03-25,110.629997,113.099998,110.25,111.120003,1642800
4836,2019-03-26,113.209999,113.650002,109.860001,111.599998,1405600
4837,2019-03-27,111.940002,112.550003,109.190002,110.720001,1342100
4838,2019-03-28,110.669998,112.690002,110.019997,112.57,1219600
4839,2019-03-29,114.0,115.160004,113.309998,114.25,1355100
4840,2019-04-01,115.589996,118.690002,114.379997,118.110001,2036900
4841,2019-04-02,118.0,120.050003,117.349998,118.529999,1147300
4842,2019-04-03,119.93,121.760002,119.790001,120.980003,1501400
4843,2019-04-04,121.580002,122.779999,121.300003,122.540001,1267400
4844,2019-04-05,123.809998,124.769997,123.110001,123.339996,1308100
4845,2019-04-08,122.75,124.120003,121.830002,124.080002,826200
4846,2019-04-09,122.629997,122.650002,119.150002,119.57,1522900
4847,2019-04-10,119.940002,121.339996,118.690002,121.190002,897200
4848,2019-04-11,121.550003,126.120003,121.379997,124.75,2156400
4849,2019-04-12,127.410004,128.75,125.139999,126.739998,1426500
4850,2019-04-15,127.019997,127.839996,125.040001,125.370003,2411000
4851,2019-04-16,126.669998,126.989998,123.720001,126.050003,1323600
4852,2019-04-17,126.629997,127.18,125.150002,125.760002,2116100
4853,2019-04-18,135.300003,138.490005,134.110001,136.0,4772800
4854,2019-04-22,135.360001,137.149994,133.660004,135.460007,1644000
4855,2019-04-23,135.410004,139.320007,135.130005,138.380005,1587200
4856,2019-04-24,138.529999,140.600006,138.0,139.889999,1300700
4857,2019-04-25,139.300003,139.960007,136.770004,137.529999,1047200
4858,2019-04-26,138.009995,140.539993,137.389999,140.399994,1129900
4859,2019-04-29,141.050003,142.149994,140.279999,140.940002,845100
4860,2019-04-30,141.119995,141.389999,138.720001,140.919998,1193900
4861,2019-05-01,141.779999,142.690002,138.559998,138.639999,1221300
4862,2019-05-02,138.199997,139.380005,134.169998,137.0,1725100
4863,2019-05-03,137.589996,141.25,137.490005,140.240005,1015300
4864,2019-05-06,135.740005,138.589996,134.399994,137.550003,1403900
4865,2019-05-07,134.929993,135.759995,132.440002,134.270004,1238000
4866,2019-05-08,134.080002,135.990005,133.360001,133.990005,839300
4867,2019-05-09,131.130005,134.220001,128.309998,133.789993,1242200
4868,2019-05-10,132.990005,133.389999,128.759995,132.509995,1104700
4869,2019-05-13,128.389999,128.910004,124.230003,126.190002,1489000
4870,2019-05-14,127.32,128.75,125.650002,127.089996,1079300
4871,2019-05-15,125.269997,129.270004,124.449997,128.669998,1065900
4872,2019-05-16,129.039993,130.610001,128.130005,128.460007,900600
4873,2019-05-17,126.650002,127.57,125.650002,126.330002,912300
4874,2019-05-20,124.260002,125.459999,122.93,124.050003,1522000
4875,2019-05-21,125.379997,126.940002,124.769997,126.730003,1126200
4876,2019-05-22,125.910004,126.389999,121.599998,122.389999,1375000
4877,2019-05-23,120.300003,120.510002,117.639999,118.489998,1309500
4878,2019-05-24,119.32,120.910004,116.910004,118.540001,623300
4879,2019-05-28,118.639999,119.470001,114.970001,115.0,1212300
4880,2019-05-29,114.129997,116.080002,112.889999,115.830002,1327800
4881,2019-05-30,116.480003,118.099998,114.629997,115.190002,1368000
4882,2019-05-31,112.599998,112.940002,109.349998,110.099998,1615300
4883,2019-06-03,111.980003,115.099998,111.75,113.849998,1984400
4884,2019-06-04,115.550003,121.5,115.550003,121.339996,1822100
4885,2019-06-05,122.209999,122.389999,117.68,119.379997,1133400
4886,2019-06-06,119.230003,120.110001,116.610001,118.75,818200
4887,2019-06-07,118.699997,122.809998,118.580002,122.230003,1277600
4888,2019-06-10,123.379997,125.879997,123.050003,123.589996,1032900
4889,2019-06-11,125.519997,125.650002,121.269997,122.25,997100
4890,2019-06-12,121.339996,121.980003,119.919998,121.550003,739300
4891,2019-06-13,121.970001,123.839996,121.709999,123.779999,689500
4892,2019-06-14,123.440002,123.610001,120.940002,122.870003,684400
4893,2019-06-17,122.93,123.440002,120.690002,121.339996,1036400
4894,2019-06-18,123.959999,128.979996,123.419998,127.760002,1760200
4895,2019-06-19,127.559998,128.199997,125.75,126.279999,1074200
4896,2019-06-20,129.179993,131.580002,128.360001,130.75,1345800
4897,2019-06-21,130.449997,131.580002,128.699997,129.869995,1056100
4898,2019-06-24,129.570007,132.410004,129.509995,129.610001,1128600
4899,2019-06-25,129.610001,130.25,127.910004,128.619995,744400
4900,2019-06-26,129.860001,131.949997,129.399994,130.570007,1144300
4901,2019-06-27,131.550003,132.380005,129.759995,131.970001,604900
4902,2019-06-28,132.830002,135.190002,132.139999,132.630005,1875700
4903,2019-07-01,136.0,137.800003,133.100006,134.300003,1280100
4904,2019-07-02,133.839996,134.089996,131.199997,131.800003,692500
4905,2019-07-03,132.520004,133.539993,131.919998,132.919998,454900
4906,2019-07-05,131.820007,133.399994,130.0,132.919998,644400
4907,2019-07-08,131.850006,134.039993,130.970001,131.919998,681500
4908,2019-07-09,130.350006,131.509995,129.619995,131.410004,734200
4909,2019-07-10,132.179993,132.320007,129.110001,130.479996,960000
4910,2019-07-11,130.550003,131.369995,128.770004,131.330002,823200
4911,2019-07-12,132.130005,136.75,131.830002,136.339996,1118300
4912,2019-07-15,136.789993,137.669998,134.580002,134.740005,810000
4913,2019-07-16,134.529999,137.899994,132.820007,137.589996,1519500
4914,2019-07-17,136.649994,136.899994,131.259995,131.490005,2476500
4915,2019-07-18,123.5,125.339996,120.82,121.110001,5509500
4916,2019-07-19,121.18,122.540001,118.870003,118.980003,3148900
4917,2019-07-22,119.900002,120.529999,117.0,118.110001,2424900
4918,2019-07-23,118.260002,122.300003,118.099998,121.860001,2062500
4919,2019-07-24,121.730003,127.239998,121.5,126.629997,1867400
4920,2019-07-25,126.639999,127.889999,124.900002,127.739998,1221900
4921,2019-07-26,127.910004,129.600006,127.050003,127.610001,1302600
4922,2019-07-29,127.550003,129.809998,126.300003,128.990005,1174700
4923,2019-07-30,127.910004,130.720001,126.589996,129.949997,1087000
4924,2019-07-31,129.660004,130.5,125.949997,126.550003,1270900
4925,2019-08-01,125.639999,126.209999,119.610001,120.879997,1609100
4926,2019-08-02,119.360001,119.720001,116.160004,117.279999,1611600
4927,2019-08-05,114.190002,114.440002,111.779999,113.349998,1858400
4928,2019-08-06,115.230003,115.790001,112.519997,114.379997,1221200
4929,2019-08-07,111.769997,113.57,110.559998,113.410004,1314400
4930,2019-08-08,114.68,118.260002,114.68,117.849998,1330900
4931,2019-08-09,117.080002,117.239998,114.5,115.57,1231400
4932,2019-08-12,113.910004,114.059998,110.400002,110.839996,1092200
4933,2019-08-13,110.099998,116.660004,109.559998,112.519997,1391800
4934,2019-08-14,109.720001,109.989998,103.849998,105.360001,2139100
4935,2019-08-15,105.470001,105.949997,102.760002,104.57,1728000
4936,2019-08-16,105.769997,108.800003,105.290001,107.989998,1553100
4937,2019-08-19,110.339996,111.379997,109.269997,110.639999,1205600
4938,2019-08-20,110.0,110.120003,109.040001,109.160004,738200
4939,2019-08-21,112.110001,112.440002,110.599998,111.260002,828100
4940,2019-08-22,112.059998,112.800003,109.330002,109.849998,960700
4941,2019-08-23,108.25,109.68,104.309998,104.959999,1466700
4942,2019-08-26,107.199997,107.309998,104.290001,106.260002,1187000
4943,2019-08-27,106.949997,107.75,103.0,103.800003,1159700
4944,2019-08-28,103.449997,107.620003,101.900002,106.32,1068000
4945,2019-08-29,108.860001,112.07,108.25,111.32,1315700
4946,2019-08-30,112.949997,114.43,111.879997,112.559998,1221300
4947,2019-09-03,110.5,111.730003,108.050003,109.669998,1338900
4948,2019-09-04,111.849998,113.089996,111.059998,112.800003,1270400
4949,2019-09-05,115.0,118.519997,114.800003,116.489998,1541800
4950,2019-09-06,116.610001,118.18,115.519997,116.889999,861300
4951,2019-09-09,118.059998,120.830002,117.519997,120.720001,1625200
4952,2019-09-10,120.339996,124.169998,119.580002,124.050003,1325300
4953,2019-09-11,126.559998,127.769997,123.629997,127.620003,1725200
4954,2019-09-12,125.949997,129.690002,125.949997,128.0,1503500
4955,2019-09-13,129.800003,132.229996,128.610001,128.869995,1879500
4956,2019-09-16,128.0,131.210007,126.879997,128.350006,1143600
4957,2019-09-17,127.040001,128.0,124.629997,126.900002,1116300
4958,2019-09-18,124.800003,125.419998,122.82,124.709999,1999800
4959,2019-09-19,125.650002,126.730003,124.699997,125.099998,1291800
4960,2019-09-20,129.479996,130.169998,126.269997,126.440002,2224800
4961,2019-09-23,124.989998,129.550003,124.050003,128.399994,1323300
4962,2019-09-24,128.119995,129.139999,124.18,124.730003,1475600
4963,2019-09-25,124.709999,128.460007,124.599998,127.889999,1124900
4964,2019-09-26,127.260002,128.410004,126.209999,127.57,835200
4965,2019-09-27,128.25,129.210007,123.779999,124.790001,1387900
4966,2019-09-30,124.540001,125.75,122.199997,124.639999,1220000
4967,2019-10-01,125.830002,127.07,119.150002,119.57,1537900
4968,2019-10-02,117.300003,118.360001,114.129997,115.980003,1732800
4969,2019-10-03,115.18,116.480003,112.129997,116.389999,1626800
4970,2019-10-04,117.639999,118.790001,116.309998,117.209999,1231900
4971,2019-10-07,116.699997,117.620003,115.239998,115.660004,1137500
4972,2019-10-08,111.120003,112.849998,109.040001,109.199997,2316300
4973,2019-10-09,110.699997,112.639999,109.809998,111.480003,1398500
4974,2019-10-10,111.629997,114.459999,111.629997,113.32,952900
4975,2019-10-11,116.769997,120.550003,116.169998,118.400002,1586500
4976,2019-10-14,117.32,119.139999,117.0,118.68,939000
4977,2019-10-15,119.050003,121.489998,117.660004,120.68,1250300
4978,2019-10-16,120.0,123.080002,119.830002,121.669998,2142200
4979,2019-10-17,123.470001,132.800003,122.5,127.900002,6025500
4980,2019-10-18,127.82,130.770004,127.5,128.660004,2138400
4981,2019-10-21,129.5,132.940002,129.380005,129.669998,1637900
4982,2019-10-22,129.419998,133.880005,128.449997,132.399994,1780600
4983,2019-10-23,131.899994,134.490005,130.009995,133.669998,1474400
4984,2019-10-24,134.479996,134.800003,130.380005,132.0,1038200
4985,2019-10-25,131.199997,135.699997,131.0,135.380005,1242900
4986,2019-10-28,135.800003,137.350006,134.179993,136.0,1121700
4987,2019-10-29,135.610001,138.759995,134.970001,137.039993,1104300
4988,2019-10-30,136.089996,136.429993,132.860001,135.940002,1287700
4989,2019-10-31,135.5,135.5,130.020004,133.570007,1361200
4990,2019-11-01,136.0,142.0,135.339996,141.860001,2098700
4991,2019-11-04,142.979996,147.5,142.970001,146.729996,2590400
4992,2019-11-05,147.720001,151.839996,146.419998,146.979996,2096100
4993,2019-11-06,146.860001,147.429993,143.830002,147.139999,1273400
4994,2019-11-07,149.419998,152.449997,149.179993,150.169998,1826700
4995,2019-11-08,150.460007,155.740005,150.289993,155.320007,1644500
4996,2019-11-11,153.309998,156.529999,152.899994,156.360001,1173200
4997,2019-11-12,156.360001,157.699997,153.080002,154.460007,1542600
4998,2019-11-13,152.339996,152.960007,150.270004,150.729996,1515900
4999,2019-11-14,150.789993,153.339996,150.639999,152.320007,863900
5000,2019-11-15,154.270004,155.240005,152.899994,154.339996,969300
5001,2019-11-18,154.259995,154.589996,151.690002,153.270004,1051200
5002,2019-11-19,154.190002,154.960007,151.210007,152.270004,742700
5003,2019-11-20,151.929993,151.970001,146.350006,148.520004,1780600
5004,2019-11-21,148.660004,152.639999,147.75,152.470001,1374400
5005,2019-11-22,152.25,155.490005,151.869995,154.509995,1053700
5006,2019-11-25,155.380005,157.850006,153.160004,157.020004,1146800
5007,2019-11-26,156.110001,157.160004,154.729996,156.289993,880300
5008,2019-11-27,157.089996,157.229996,154.470001,156.460007,528300
5009,2019-11-29,155.699997,156.179993,152.679993,153.050003,420400
5010,2019-12-02,153.210007,155.979996,151.619995,152.190002,975800
5011,2019-12-03,148.020004,150.080002,145.949997,149.369995,1200600
5012,2019-12-04,151.600006,153.850006,150.369995,150.529999,912600
5013,2019-12-05,151.740005,153.190002,151.050003,153.130005,768500
5014,2019-12-06,156.179993,159.389999,155.940002,157.259995,1368500
5015,2019-12-09,156.300003,158.210007,155.470001,155.860001,720100
5016,2019-12-10,155.0,155.300003,152.5,153.779999,864700
5017,2019-12-11,156.199997,157.169998,155.050003,156.970001,878000
5018,2019-12-12,157.440002,163.550003,156.690002,163.190002,1437300
5019,2019-12-13,162.259995,165.850006,160.169998,162.740005,933700
5020,2019-12-16,164.639999,166.270004,164.199997,165.160004,1130200
5021,2019-12-17,164.699997,165.0,162.699997,164.509995,923300
5022,2019-12-18,164.550003,166.649994,163.759995,166.199997,806000
5023,2019-12-19,166.529999,166.660004,163.600006,165.690002,942000
5024,2019-12-20,167.770004,168.0,165.429993,167.330002,1534700
5025,2019-12-23,167.0,169.740005,166.570007,168.919998,848300
5026,2019-12-24,169.720001,169.899994,167.970001,168.440002,217000
5027,2019-12-26,168.740005,169.880005,168.139999,169.820007,476400
5028,2019-12-27,169.740005,170.039993,168.0,168.529999,570800
5029,2019-12-30,168.699997,169.649994,167.210007,168.360001,400000
5030,2019-12-31,167.699997,169.369995,166.360001,166.770004,617500
5031,2020-01-02,168.410004,168.669998,164.410004,168.649994,861200
5032,2020-01-03,164.990005,166.559998,161.369995,165.710007,1089000
5033,2020-01-06,162.610001,165.690002,162.360001,165.380005,707500
5034,2020-01-07,165.0,165.970001,163.630005,165.080002,525200
5035,2020-01-08,165.309998,166.270004,163.610001,164.809998,688700
5036,2020-01-09,165.910004,165.919998,162.619995,163.229996,923200
5037,2020-01-10,163.229996,163.449997,158.649994,159.470001,993400
5038,2020-01-13,160.600006,160.860001,155.710007,157.440002,1537700
5039,2020-01-14,156.270004,157.070007,152.619995,154.339996,1419800
5040,2020-01-15,153.240005,156.050003,152.25,154.889999,924700
5041,2020-01-16,156.029999,157.789993,155.509995,157.649994,891800
5042,2020-01-17,158.460007,161.279999,158.139999,158.720001,1119300
5043,2020-01-21,157.899994,157.899994,154.789993,154.990005,1146400
5044,2020-01-22,156.429993,156.949997,154.630005,155.270004,742200
5045,2020-01-23,153.660004,155.350006,150.839996,155.149994,1107200
5046,2020-01-24,155.240005,155.820007,149.509995,151.649994,1232300
5047,2020-01-27,146.539993,149.720001,146.039993,146.270004,1521400
5048,2020-01-28,148.25,151.550003,147.309998,150.5,872400
5049,2020-01-29,151.5,153.660004,150.559998,152.259995,1298100
5050,2020-01-30,150.050003,152.559998,140.070007,141.580002,2641700
5051,2020-01-31,139.839996,140.839996,135.259995,135.690002,2159300
5052,2020-02-03,137.190002,141.309998,136.720001,139.520004,1729600
5053,2020-02-04,142.270004,149.330002,141.610001,147.529999,1548000
5054,2020-02-05,151.0,155.279999,150.25,154.380005,1329100
5055,2020-02-06,155.259995,155.259995,150.360001,152.610001,770900
5056,2020-02-07,151.279999,151.559998,149.050003,149.75,820000
5057,2020-02-10,149.270004,151.089996,148.259995,150.75,537500
5058,2020-02-11,152.589996,156.0,151.899994,154.050003,1061200
5059,2020-02-12,156.949997,160.080002,156.020004,158.869995,1093700
5060,2020-02-13,157.470001,160.289993,157.0,160.080002,847400
5061,2020-02-14,159.990005,161.110001,154.899994,156.860001,601800
5062,2020-02-18,155.25,156.589996,151.520004,153.979996,847900
5063,2020-02-19,154.850006,156.490005,153.160004,153.550003,619500
5064,2020-02-20,152.759995,159.119995,152.550003,155.720001,821800
5065,2020-02-21,153.720001,154.470001,150.800003,151.410004,973000
5066,2020-02-24,143.729996,143.970001,139.429993,141.949997,1431300
5067,2020-02-25,142.660004,143.5,132.720001,134.639999,1736900
5068,2020-02-26,136.649994,137.690002,131.559998,131.720001,1450000
5069,2020-02-27,126.32,136.830002,123.629997,129.639999,1918300
5070,2020-02-28,124.540001,135.360001,124.099998,132.479996,2540600
5071,2020-03-02,134.520004,135.800003,127.0,135.800003,1979100
5072,2020-03-03,135.410004,138.610001,126.57,128.639999,1508500
5073,2020-03-04,131.059998,132.330002,126.379997,130.160004,1566600
5074,2020-03-05,125.360001,125.739998,118.669998,119.82,1923300
5075,2020-03-06,114.050003,118.360001,111.650002,115.669998,2691400
5076,2020-03-09,100.989998,106.769997,97.900002,98.959999,3339800
5077,2020-03-10,104.970001,108.849998,97.959999,107.419998,2642200
5078,2020-03-11,102.339996,104.209999,98.379997,99.720001,2691200
5079,2020-03-12,91.019997,94.050003,83.0,83.230003,3399200
5080,2020-03-13,90.199997,91.559998,83.010002,91.010002,2487300
5081,2020-03-16,78.0,90.389999,76.089996,83.230003,2732400
5082,2020-03-17,85.099998,86.029999,74.620003,81.43,2620100
5083,2020-03-18,73.940002,75.540001,58.849998,69.589996,3458200
5084,2020-03-19,67.809998,79.400002,63.580002,77.709999,2863700
5085,2020-03-20,79.529999,82.040001,69.970001,70.099998,2519700
5086,2020-03-23,69.160004,72.540001,63.77,70.889999,2183200
5087,2020-03-24,77.519997,89.68,77.330002,86.610001,2780300
5088,2020-03-25,89.32,101.18,82.540001,93.190002,2442700
5089,2020-03-26,95.129997,101.260002,90.290001,99.18,2516100
5090,2020-03-27,92.099998,92.989998,86.449997,90.150002,2617400
5091,2020-03-30,88.43,95.489998,86.0,95.160004,2248800
5092,2020-03-31,95.120003,105.739998,94.639999,102.900002,3265600
5093,2020-04-01,96.940002,100.43,92.139999,95.980003,2112000
5094,2020-04-02,95.339996,103.5,93.25,96.160004,2132800
5095,2020-04-03,92.330002,93.760002,86.690002,91.07,2359000
5096,2020-04-06,97.080002,104.25,97.0,103.18,2261300
5097,2020-04-07,111.019997,111.989998,104.010002,107.93,2471500
5098,2020-04-08,109.080002,114.940002,107.309998,111.639999,1520300
5099,2020-04-09,113.120003,114.839996,103.650002,107.709999,2607900
5100,2020-04-13,103.370003,104.900002,100.129997,103.760002,1531100
5101,2020-04-14,107.0,109.82,105.150002,108.639999,1340200
5102,2020-04-15,103.559998,104.959999,100.199997,103.790001,1652500
5103,2020-04-16,103.370003,103.970001,94.800003,98.550003,2726000
5104,2020-04-17,102.18,106.199997,100.510002,105.050003,2060800
5105,2020-04-20,101.889999,104.900002,98.32,100.599998,1951300
5106,2020-04-21,97.160004,99.25,96.18,97.669998,1228800
5107,2020-04-22,101.779999,101.790001,99.050003,100.620003,1170900
5108,2020-04-23,102.199997,105.050003,100.220001,103.730003,1417000
5109,2020-04-24,105.419998,107.300003,102.239998,106.050003,960100
5110,2020-04-27,105.540001,111.980003,105.019997,111.029999,1483500
5111,2020-04-28,115.730003,118.790001,112.790001,116.550003,2028500
5112,2020-04-29,121.110001,128.410004,120.029999,127.980003,2312800
5113,2020-04-30,126.220001,130.990005,120.5,128.5,2690600
5114,2020-05-01,125.550003,125.93,118.349998,119.279999,1934800
5115,2020-05-04,116.139999,117.610001,112.010002,116.75,1291000
5116,2020-05-05,119.410004,122.349998,113.629997,113.870003,1189500
5117,2020-05-06,114.330002,116.339996,110.709999,110.809998,878900
5118,2020-05-07,112.860001,115.75,111.629997,112.730003,1039200
5119,2020-05-08,115.160004,119.779999,113.5,119.580002,900600
5120,2020-05-11,117.080002,119.029999,114.800003,116.519997,900500
5121,2020-05-12,117.120003,117.300003,110.080002,110.18,997500
5122,2020-05-13,109.949997,111.150002,106.5,108.769997,1166200
5123,2020-05-14,107.300003,116.239998,105.260002,116.059998,1728200
5124,2020-05-15,114.510002,118.949997,113.330002,118.57,1468800
5125,2020-05-18,126.300003,133.009995,125.120003,129.330002,2404100
5126,2020-05-19,128.009995,129.460007,124.589996,124.75,1151300
5127,2020-05-20,128.460007,129.580002,126.050003,128.020004,1217300
5128,2020-05-21,128.419998,129.889999,126.25,127.720001,672500
5129,2020-05-22,127.760002,131.610001,126.57,130.559998,914600
5130,2020-05-26,135.5,140.399994,135.25,137.169998,1634400
5131,2020-05-27,141.630005,143.699997,137.259995,140.479996,2192700
5132,2020-05-28,142.110001,142.110001,136.520004,137.619995,1330000
5133,2020-05-29,135.369995,141.300003,134.389999,138.889999,1540800
5134,2020-06-01,138.949997,141.910004,137.300003,139.960007,763600
5135,2020-06-02,142.0,144.279999,141.149994,143.130005,1062200
5136,2020-06-03,145.350006,150.869995,145.300003,149.789993,1228100
5137,2020-06-04,148.940002,153.949997,147.059998,151.380005,1509300
5138,2020-06-05,160.039993,165.869995,159.320007,161.360001,3124100
5139,2020-06-08,162.660004,165.800003,156.429993,158.279999,1931400
5140,2020-06-09,154.410004,161.600006,152.5,158.25,1435500
5141,2020-06-10,158.220001,158.910004,153.600006,155.600006,1502700
5142,2020-06-11,144.139999,148.0,141.789993,142.050003,2002100
5143,2020-06-12,149.25,149.440002,139.369995,143.490005,1315400
5144,2020-06-15,136.850006,147.800003,136.509995,147.039993,1110200
5145,2020-06-16,157.5,161.059998,154.679993,158.289993,2592100
5146,2020-06-17,157.839996,158.039993,154.679993,155.559998,1251100
5147,2020-06-18,154.800003,156.589996,152.759995,153.809998,1407800
5148,2020-06-19,157.600006,158.470001,152.399994,155.509995,1981400
5149,2020-06-22,154.460007,157.529999,152.740005,157.110001,1235800
5150,2020-06-23,158.020004,158.679993,153.940002,153.979996,1146600
5151,2020-06-24,152.259995,152.279999,142.270004,142.429993,2151600
5152,2020-06-25,141.279999,144.979996,139.100006,144.339996,1348000
5153,2020-06-26,143.300003,144.020004,139.949997,140.399994,2392500
5154,2020-06-29,143.110001,148.360001,141.830002,147.720001,1164200
5155,2020-06-30,147.070007,149.720001,146.320007,149.039993,867000
5156,2020-07-01,150.0,151.669998,145.399994,145.800003,950900
5157,2020-07-02,149.309998,152.880005,147.080002,147.910004,1019300
5158,2020-07-06,150.839996,152.25,149.5,150.740005,769600
5159,2020-07-07,149.119995,151.960007,147.5,147.570007,935300
5160,2020-07-08,147.320007,149.360001,145.100006,148.649994,769800
5161,2020-07-09,149.029999,149.869995,142.009995,143.660004,848000
5162,2020-07-10,143.960007,148.929993,143.710007,147.830002,921400
5163,2020-07-13,151.130005,155.389999,149.160004,152.199997,1256500
5164,2020-07-14,151.160004,157.720001,149.639999,157.149994,953200
5165,2020-07-15,160.289993,161.949997,157.460007,160.800003,987400
5166,2020-07-16,160.080002,162.589996,157.639999,158.440002,785700
5167,2020-07-17,159.460007,160.479996,157.75,159.080002,608700
5168,2020-07-20,158.0,159.5,156.490005,157.240005,517400
5169,2020-07-21,159.149994,163.080002,158.889999,160.300003,824600
5170,2020-07-22,158.880005,163.199997,158.880005,162.75,832000
5171,2020-07-23,162.830002,165.850006,161.580002,163.490005,763400
5172,2020-07-24,163.610001,164.440002,160.800003,160.880005,632400
5173,2020-07-27,160.070007,163.899994,159.240005,163.289993,865400
5174,2020-07-28,161.240005,162.289993,157.699997,158.330002,760000
5175,2020-07-29,158.690002,163.589996,158.479996,163.419998,1060800
5176,2020-07-30,161.360001,161.789993,153.759995,156.910004,1861300
5177,2020-07-31,157.350006,157.350006,151.410004,155.369995,1198400
5178,2020-08-03,156.699997,159.979996,155.399994,159.630005,770300
5179,2020-08-04,159.149994,162.360001,158.809998,160.839996,714300
5180,2020-08-05,162.5,169.940002,161.539993,169.559998,1113300
5181,2020-08-06,169.220001,169.869995,167.229996,168.649994,657900
5182,2020-08-07,167.740005,174.110001,167.639999,173.589996,875400
5183,2020-08-10,174.149994,184.210007,174.149994,181.259995,1279500
5184,2020-08-11,183.320007,186.779999,174.860001,175.619995,1644300
5185,2020-08-12,178.029999,180.509995,176.190002,178.600006,588600
5186,2020-08-13,178.130005,181.929993,177.630005,178.369995,676200
5187,2020-08-14,177.789993,181.75,176.910004,179.330002,677900
5188,2020-08-17,179.210007,181.330002,178.729996,179.080002,497800
5189,2020-08-18,179.020004,179.449997,176.220001,176.559998,483300
5190,2020-08-19,176.229996,177.979996,174.919998,175.429993,804400
5191,2020-08-20,172.639999,175.699997,172.089996,174.550003,584900
5192,2020-08-21,174.850006,176.149994,173.690002,175.059998,464800
5193,2020-08-24,177.380005,180.350006,175.419998,176.970001,1076700
5194,2020-08-25,178.070007,179.910004,174.949997,176.820007,421400
5195,2020-08-26,175.679993,178.690002,174.009995,177.589996,608600
5196,2020-08-27,178.0,180.0,177.279999,179.020004,518200
5197,2020-08-28,179.490005,182.789993,178.889999,182.529999,516900
5198,2020-08-31,181.850006,182.470001,176.970001,177.050003,695300
5199,2020-09-01,176.020004,183.210007,175.289993,182.539993,935900
5200,2020-09-02,182.490005,185.289993,177.75,184.580002,788800
5201,2020-09-03,183.0,183.610001,171.660004,174.389999,1006700
5202,2020-09-04,177.690002,179.289993,170.669998,176.429993,966500
5203,2020-09-08,171.610001,176.309998,168.5,172.369995,912200
5204,2020-09-09,174.889999,177.410004,173.899994,175.889999,797400
5205,2020-09-10,176.899994,177.139999,171.399994,171.960007,808100
5206,2020-09-11,173.460007,175.350006,172.220001,174.630005,445300
5207,2020-09-14,177.490005,178.300003,174.910004,176.580002,432200
5208,2020-09-15,177.919998,178.970001,175.270004,176.559998,623800
5209,2020-09-16,177.190002,183.100006,175.429993,181.550003,807700
5210,2020-09-17,178.279999,184.0,175.889999,180.779999,859100
5211,2020-09-18,180.059998,181.440002,173.589996,176.199997,1305100
5212,2020-09-21,171.199997,172.050003,164.289993,167.479996,746400
5213,2020-09-22,167.699997,168.75,165.320007,167.970001,586100
5214,2020-09-23,168.320007,170.990005,161.75,161.979996,828400
5215,2020-09-24,161.25,168.029999,159.009995,166.630005,1068200
5216,2020-09-25,164.910004,169.690002,164.309998,168.139999,545200
5217,2020-09-28,172.130005,178.639999,170.990005,175.729996,782700
5218,2020-09-29,174.889999,176.619995,171.5,174.210007,599700
5219,2020-09-30,175.559998,179.449997,171.75,174.5,800900
5220,2020-10-01,176.580002,176.580002,171.880005,175.350006,911500
5221,2020-10-02,171.75,186.240005,171.75,185.020004,1159000
5222,2020-10-05,187.199997,198.619995,186.600006,197.699997,1539700
5223,2020-10-06,197.970001,200.649994,193.470001,193.869995,1171200
5224,2020-10-07,197.820007,201.509995,196.080002,198.960007,770500
5225,2020-10-08,201.0,202.0,197.039993,199.490005,609000
5226,2020-10-09,201.149994,203.570007,195.929993,196.940002,819200
5227,2020-10-12,197.539993,200.360001,194.179993,199.100006,665400
5228,2020-10-13,196.649994,197.259995,192.119995,194.270004,780400
5229,2020-10-14,196.160004,197.0,187.789993,188.130005,1045200
5230,2020-10-15,186.589996,189.5,185.429993,188.429993,783800
5231,2020-10-16,189.710007,196.050003,188.570007,192.940002,806400
5232,2020-10-19,191.009995,194.800003,186.660004,187.440002,668500
5233,2020-10-20,189.600006,192.490005,188.770004,189.320007,576600
5234,2020-10-21,188.440002,190.949997,185.570007,186.869995,552000
5235,2020-10-22,186.539993,189.279999,184.020004,185.399994,686500
5236,2020-10-23,187.919998,189.089996,184.089996,188.240005,519100
5237,2020-10-26,184.630005,185.289993,179.410004,182.119995,551300
5238,2020-10-27,182.449997,182.449997,174.75,174.809998,1014800
5239,2020-10-28,169.0,172.839996,167.25,170.729996,1153800
5240,2020-10-29,175.490005,176.979996,169.270004,173.220001,1151500
5241,2020-10-30,171.910004,179.380005,170.139999,178.289993,1234400
5242,2020-11-02,181.0,192.960007,180.570007,192.669998,1327400
5243,2020-11-03,197.0,202.940002,195.190002,201.449997,1425700
5244,2020-11-04,188.050003,190.0,178.850006,179.190002,2760200
5245,2020-11-05,185.0,191.990005,183.009995,188.470001,1404300
5246,2020-11-06,188.470001,194.850006,187.979996,191.460007,801300
5247,2020-11-09,205.020004,213.0,202.350006,205.820007,1330500
5248,2020-11-10,205.080002,212.800003,205.080002,209.270004,801900
5249,2020-11-11,209.970001,210.229996,203.470001,207.25,477000
5250,2020-11-12,204.559998,205.270004,198.740005,201.919998,567900
5251,2020-11-13,205.300003,209.479996,204.149994,207.270004,634700
5252,2020-11-16,211.270004,217.880005,207.839996,217.830002,1315800
5253,2020-11-17,214.0,216.449997,211.279999,214.619995,641800
5254,2020-11-18,216.0,220.809998,214.089996,216.25,1103500
5255,2020-11-19,214.470001,217.100006,209.160004,217.0,779300
5256,2020-11-20,222.839996,223.889999,218.589996,219.800003,1023300
5257,2020-11-23,223.559998,227.809998,221.929993,226.309998,830300
5258,2020-11-24,230.460007,240.259995,229.0,237.910004,1185000
5259,2020-11-25,235.110001,235.899994,228.360001,230.460007,760100
5260,2020-11-27,230.190002,234.550003,230.190002,232.910004,336700
5261,2020-11-30,231.720001,232.0,226.059998,226.979996,1273600
5262,2020-12-01,232.979996,236.119995,230.679993,233.639999,796900
5263,2020-12-02,232.600006,233.800003,228.970001,231.399994,651500
5264,2020-12-03,231.610001,238.509995,230.929993,236.949997,858100
5265,2020-12-04,239.300003,245.809998,238.610001,245.619995,783600
5266,2020-12-07,243.449997,246.589996,241.039993,246.479996,652200
5267,2020-12-08,244.639999,249.589996,241.279999,243.0,718800
5268,2020-12-09,249.600006,249.600006,243.979996,246.75,874500
5269,2020-12-10,243.759995,244.940002,239.360001,241.979996,754800
5270,2020-12-11,240.179993,243.580002,239.149994,240.759995,728500
5271,2020-12-14,245.089996,245.089996,238.520004,238.889999,650100
5272,2020-12-15,231.729996,239.669998,231.009995,238.979996,770100
5273,2020-12-16,240.419998,240.419998,230.270004,232.490005,886800
5274,2020-12-17,229.679993,232.520004,226.600006,229.160004,1090800
5275,2020-12-18,228.679993,229.949997,224.699997,227.539993,1231900
5276,2020-12-21,221.220001,231.25,217.389999,229.550003,752200
5277,2020-12-22,231.050003,231.279999,223.740005,227.389999,515800
5278,2020-12-23,229.860001,231.990005,227.720001,230.929993,581100
5279,2020-12-24,230.669998,233.160004,228.949997,232.619995,213200
5280,2020-12-28,233.410004,234.509995,226.570007,226.990005,447200
5281,2020-12-29,227.589996,229.369995,223.720001,226.429993,485800
5282,2020-12-30,227.860001,231.179993,227.5,230.059998,327900
5283,2020-12-31,229.729996,233.830002,228.0,231.910004,523000
5284,2021-01-04,234.0,236.300003,224.520004,229.649994,967300
5285,2021-01-05,229.199997,239.429993,228.610001,235.570007,774600
5286,2021-01-06,248.149994,262.040009,248.149994,256.549988,1988100
5287,2021-01-07,261.329987,267.589996,259.049988,264.679993,1031100
5288,2021-01-08,264.5,266.549988,253.479996,260.149994,708100
5289,2021-01-11,255.149994,261.450012,255.0,257.450012,445100
5290,2021-01-12,259.179993,264.089996,257.809998,262.140015,713300
5291,2021-01-13,260.799988,261.450012,253.639999,254.449997,678800
5292,2021-01-14,258.769989,264.399994,255.020004,260.369995,661400
5293,2021-01-15,256.76001,258.420013,250.610001,255.139999,658300
5294,2021-01-19,260.0,266.589996,259.570007,260.829987,763200
5295,2021-01-20,263.799988,264.200012,258.609985,260.200012,495200
5296,2021-01-21,260.01001,261.790009,258.0,259.220001,426400
5297,2021-01-22,255.369995,259.75,254.5,258.589996,481800
5298,2021-01-25,256.51001,261.98999,251.929993,253.520004,670500
5299,2021-01-26,257.390015,257.589996,247.410004,248.210007,495800
5300,2021-01-27,240.119995,241.820007,228.220001,236.270004,1264400
5301,2021-01-28,245.699997,257.570007,243.0,253.559998,1172600
5302,2021-01-29,251.630005,251.880005,238.550003,243.009995,1117000
5303,2021-02-01,247.919998,254.210007,245.0,253.279999,710400
5304,2021-02-02,257.720001,261.940002,249.75,250.669998,749900
5305,2021-02-03,252.339996,255.389999,248.070007,250.800003,514500
5306,2021-02-04,252.789993,260.450012,251.25,259.829987,712100
5307,2021-02-05,261.0,266.670013,261.0,265.730011,617300
5308,2021-02-08,267.470001,274.119995,266.730011,272.230011,741900
5309,2021-02-09,270.040009,278.859985,267.269989,277.279999,711000
5310,2021-02-10,279.720001,285.029999,275.529999,276.829987,842800
5311,2021-02-11,277.850006,282.959991,274.579987,279.820007,645100
5312,2021-02-12,279.799988,287.230011,279.119995,286.220001,494600
5313,2021-02-16,290.0,293.470001,288.079987,288.079987,1105700
5314,2021-02-17,286.01001,287.320007,274.279999,277.809998,726700
5315,2021-02-18,273.730011,275.600006,267.420013,274.790009,758900
5316,2021-02-19,278.079987,291.329987,278.070007,290.01001,691900
5317,2021-02-22,288.0,302.700012,287.309998,298.48999,965700
5318,2021-02-23,296.950012,308.859985,286.420013,306.359985,1292900
5319,2021-02-24,310.0,321.940002,307.779999,312.519989,1253800
5320,2021-02-25,311.730011,312.209991,292.0,295.109985,1298200
5321,2021-02-26,298.540009,301.549988,285.0,297.380005,1007900
5322,2021-03-01,304.109985,305.98999,299.089996,302.48999,696000
5323,2021-03-02,304.049988,304.049988,292.420013,293.420013,694800
5324,2021-03-03,294.619995,302.700012,293.079987,294.929993,644500
5325,2021-03-04,294.549988,303.100006,282.700012,288.600006,1180400
5326,2021-03-05,293.119995,302.100006,282.200012,300.959991,733300
5327,2021-03-08,303.910004,308.140015,300.480011,302.600006,863000
5328,2021-03-09,302.459991,304.209991,293.549988,295.25,720400
5329,2021-03-10,296.730011,304.589996,296.079987,303.059998,488400
5330,2021-03-11,305.600006,314.100006,304.089996,310.779999,502100
5331,2021-03-12,310.769989,319.109985,309.059998,317.859985,580300
5332,2021-03-15,319.079987,323.829987,311.609985,323.480011,553000
5333,2021-03-16,322.119995,322.119995,311.75,314.859985,802100
5334,2021-03-17,317.640015,324.220001,311.0,321.899994,526700
5335,2021-03-18,321.899994,330.790009,317.329987,318.119995,607900
5336,2021-03-19,316.429993,319.959991,305.559998,316.0,970000
5337,2021-03-22,315.0,316.720001,308.529999,311.480011,603000
5338,2021-03-23,308.109985,310.309998,297.5,299.929993,774500
5339,2021-03-24,308.98999,313.100006,304.890015,305.410004,607700
5340,2021-03-25,304.140015,315.649994,299.820007,314.23999,655600
5341,2021-03-26,318.269989,330.170013,315.5,329.859985,839800
5342,2021-03-29,329.5,335.589996,322.720001,324.470001,902900
5343,2021-03-30,324.720001,336.320007,324.720001,333.209991,1181900
5344,2021-03-31,334.0,339.720001,325.809998,329.309998,1398300
5345,2021-04-01,331.51001,334.290009,324.269989,331.709991,771600
5346,2021-04-05,337.0,338.48999,330.940002,331.529999,590900
5347,2021-04-06,331.0,341.0,323.769989,325.429993,835700
5348,2021-04-07,326.0,326.5,319.119995,322.0,730200
5349,2021-04-08,320.959991,324.23999,313.519989,321.25,620000
5350,2021-04-09,321.0,325.119995,317.459991,324.709991,575900
5351,2021-04-12,326.609985,328.959991,323.320007,327.869995,506300
5352,2021-04-13,324.209991,326.579987,316.670013,325.570007,477400
5353,2021-04-14,325.279999,331.630005,324.149994,325.059998,716000
5354,2021-04-15,328.220001,328.220001,319.559998,325.390015,592600
5355,2021-04-16,329.630005,332.410004,325.320007,328.140015,765600
5356,2021-04-19,325.390015,326.470001,318.829987,324.589996,779400
5357,2021-04-20,322.299988,322.299988,304.299988,310.73999,908800
5358,2021-04-21,308.149994,316.970001,304.660004,316.75,730800
5359,2021-04-22,318.799988,320.0,309.730011,309.98999,851400
5360,2021-04-23,313.769989,320.549988,311.450012,318.940002,716600
5361,2021-04-26,320.429993,326.51001,320.399994,324.970001,547900
5362,2021-04-27,322.720001,325.089996,318.01001,324.820007,606600
5363,2021-04-28,323.549988,327.890015,322.480011,324.850006,545300
5364,2021-04-29,331.309998,331.309998,315.929993,327.329987,823100
5365,2021-04-30,323.23999,326.420013,319.48999,319.950012,559700
5366,2021-05-03,324.579987,328.51001,319.51001,321.799988,457500
5367,2021-05-04,321.029999,330.660004,317.429993,329.950012,849900
5368,2021-05-05,330.75,336.76001,324.100006,332.709991,706600
5369,2021-05-06,332.709991,342.959991,331.76001,342.579987,699600
5370,2021-05-07,341.880005,348.410004,336.769989,347.329987,531900
5371,2021-05-10,348.5,354.600006,346.779999,348.140015,796000
5372,2021-05-11,342.25,345.329987,335.98999,340.329987,697300
5373,2021-05-12,340.339996,343.290009,328.019989,329.290009,584700
5374,2021-05-13,330.589996,339.25,328.170013,333.059998,573500
5375,2021-05-14,337.160004,343.279999,334.670013,341.790009,477600
5376,2021-05-17,339.829987,341.839996,333.480011,341.040009,356200
5377,2021-05-18,340.350006,341.619995,331.119995,331.329987,438300
5378,2021-05-19,325.640015,325.640015,315.279999,321.339996,981400
5379,2021-05-20,321.630005,322.929993,314.309998,319.309998,711600
5380,2021-05-21,322.779999,327.0,318.709991,321.450012,534300
5381,2021-05-24,323.230011,327.850006,318.940002,325.920013,417300
5382,2021-05-25,328.630005,332.649994,323.690002,324.380005,569500
5383,2021-05-26,322.640015,327.600006,322.359985,326.820007,537900
5384,2021-05-27,332.899994,335.25,329.959991,333.630005,953400
5385,2021-05-28,333.589996,336.049988,328.119995,333.959991,547500
5386,2021-06-01,338.609985,341.25,337.660004,339.450012,544100
5387,2021-06-02,339.440002,339.440002,334.980011,338.470001,774000
5388,2021-06-03,337.609985,340.850006,332.75,336.119995,596500
5389,2021-06-04,336.339996,337.73999,328.100006,332.070007,474600
5390,2021-06-07,333.679993,334.179993,315.0,316.019989,1189100
5391,2021-06-08,316.100006,326.100006,313.369995,324.23999,734300
5392,2021-06-09,321.839996,323.940002,313.019989,314.709991,709400
5393,2021-06-10,318.769989,320.600006,302.73999,303.320007,1339500
5394,2021-06-11,304.309998,308.470001,302.029999,305.339996,963200
5395,2021-06-14,304.170013,306.649994,298.559998,302.980011,913400
5396,2021-06-15,304.48999,310.670013,303.410004,309.829987,739600
5397,2021-06-16,307.589996,310.019989,302.779999,307.019989,747600
5398,2021-06-17,308.0,309.880005,289.899994,294.179993,1045500
5399,2021-06-18,287.049988,291.320007,285.589996,288.950012,1464000
5400,2021-06-21,293.350006,301.890015,292.450012,299.209991,677100
5401,2021-06-22,300.769989,304.690002,294.790009,303.75,711500
5402,2021-06-23,310.0,313.970001,307.359985,308.119995,836000
5403,2021-06-24,310.519989,320.649994,309.51001,316.799988,1151300
5404,2021-06-25,325.829987,325.829987,312.369995,312.970001,1512200
5405,2021-06-28,313.179993,319.0,307.649994,318.049988,926400
5406,2021-06-29,319.700012,323.540009,314.589996,315.019989,625200
5407,2021-06-30,313.149994,320.0,312.519989,319.01001,708000
5408,2021-07-01,323.200012,324.429993,319.450012,321.350006,593300
5409,2021-07-02,319.769989,322.410004,318.670013,319.570007,459700
5410,2021-07-06,319.790009,320.0,307.75,311.429993,888700
5411,2021-07-07,310.0,315.299988,307.070007,312.790009,592600
5412,2021-07-08,304.100006,311.809998,300.070007,306.220001,927000
5413,2021-07-09,312.5,317.869995,311.660004,317.480011,860900
5414,2021-07-12,315.200012,322.98999,313.890015,321.589996,870100
5415,2021-07-13,319.73999,320.640015,314.309998,314.450012,598400
5416,2021-07-14,316.290009,318.790009,310.220001,312.589996,463800
5417,2021-07-15,310.100006,318.48999,309.73999,314.709991,684000
5418,2021-07-16,317.660004,317.959991,304.160004,306.079987,868400
5419,2021-07-19,297.630005,299.649994,291.390015,298.850006,978400
5420,2021-07-20,297.910004,313.029999,296.5,311.600006,711400
5421,2021-07-21,315.399994,323.880005,314.73999,323.190002,982200
5422,2021-07-22,322.420013,323.649994,316.779999,319.970001,583000
5423,2021-07-23,322.109985,325.100006,318.26001,324.059998,543200
5424,2021-07-26,324.630005,329.5,324.049988,327.910004,677200
5425,2021-07-27,326.200012,332.230011,323.269989,326.75,607000
5426,2021-07-28,328.0,331.51001,320.850006,325.890015,973400
5427,2021-07-29,317.519989,325.700012,308.470001,322.459991,1752500
5428,2021-07-30,319.640015,332.149994,319.230011,329.549988,703800
5429,2021-08-02,332.649994,336.329987,325.48999,326.269989,1014200
5430,2021-08-03,327.690002,338.690002,323.029999,338.230011,777100
5431,2021-08-04,335.140015,335.179993,323.420013,323.670013,630200
5432,2021-08-05,326.130005,331.0,324.440002,325.390015,341800
5433,2021-08-06,330.0,332.190002,326.23999,331.450012,371000
5434,2021-08-09,331.339996,336.309998,326.23999,332.839996,367900
5435,2021-08-10,332.529999,342.640015,330.149994,340.540009,509900
5436,2021-08-11,344.0,357.850006,341.149994,357.5,1052600
5437,2021-08-12,359.299988,364.299988,356.640015,361.339996,992100
5438,2021-08-13,360.440002,361.329987,350.970001,353.109985,580300
5439,2021-08-16,349.799988,352.859985,345.670013,351.209991,413300
5440,2021-08-17,348.350006,348.720001,340.040009,345.100006,574000
5441,2021-08-18,342.279999,349.899994,339.630005,340.160004,407500
5442,2021-08-19,332.299988,336.350006,329.049988,331.440002,498300
5443,2021-08-20,329.779999,332.609985,324.799988,330.130005,486800
5444,2021-08-23,333.470001,339.410004,331.709991,338.0,498400
5445,2021-08-24,339.23999,346.209991,338.98999,343.910004,335000
5446,2021-08-25,345.480011,354.029999,344.480011,350.369995,411400
5447,2021-08-26,351.25,352.549988,346.230011,347.640015,349500
5448,2021-08-27,349.619995,356.779999,348.820007,355.220001,476100
5449,2021-08-30,357.390015,357.450012,351.959991,354.350006,311300
5450,2021-08-31,355.070007,356.540009,351.76001,352.649994,519700
5451,2021-09-01,352.380005,353.73999,343.709991,347.329987,493800
5452,2021-09-02,350.73999,356.600006,348.5,353.75,363000
5453,2021-09-03,352.100006,353.119995,346.679993,351.369995,366700
5454,2021-09-07,348.910004,350.790009,345.519989,345.75,380300
5455,2021-09-08,343.670013,345.339996,336.160004,339.709991,574300
5456,2021-09-09,338.700012,346.420013,338.220001,342.079987,523600
5457,2021-09-10,346.380005,347.600006,340.529999,341.290009,409500
5458,2021-09-13,344.0,346.869995,340.140015,343.470001,541400
5459,2021-09-14,346.019989,346.019989,328.0,331.299988,518700
5460,2021-09-15,331.0,342.470001,330.149994,341.600006,479300
5461,2021-09-16,343.809998,354.390015,342.880005,346.200012,702800
5462,2021-09-17,343.5,349.130005,337.980011,341.459991,920000
5463,2021-09-20,329.359985,333.709991,323.920013,329.619995,675200
5464,2021-09-21,334.799988,334.98999,325.410004,330.26001,567400
5465,2021-09-22,337.0,349.359985,334.959991,345.899994,1080300
5466,2021-09-23,348.170013,361.540009,346.040009,355.269989,884600
5467,2021-09-24,354.130005,361.0,353.670013,356.51001,440800
5468,2021-09-27,356.679993,369.170013,356.679993,365.839996,543500
5469,2021-09-28,366.549988,369.220001,358.25,362.829987,659600
5470,2021-09-29,366.910004,366.910004,359.799988,362.089996,469700
5471,2021-09-30,362.160004,363.299988,350.649994,350.929993,807900
5472,2021-10-01,351.0,361.190002,350.059998,358.149994,927900
5473,2021-10-04,355.619995,357.299988,346.01001,348.76001,611800
5474,2021-10-05,352.75,357.880005,346.049988,353.049988,858700
5475,2021-10-06,347.0,352.890015,340.589996,346.670013,727500
5476,2021-10-07,351.959991,357.549988,350.220001,352.429993,523400
5477,2021-10-08,348.980011,352.190002,342.380005,342.559998,426600
5478,2021-10-11,342.5,349.579987,341.730011,342.910004,443000
5479,2021-10-12,345.329987,347.320007,340.880005,342.720001,386400
5480,2021-10-13,342.790009,347.350006,336.970001,339.450012,387900
5481,2021-10-14,344.279999,353.179993,343.059998,352.339996,418500
5482,2021-10-15,357.01001,359.730011,348.570007,349.339996,606600
5483,2021-10-18,346.660004,351.140015,344.079987,350.269989,422400
5484,2021-10-19,351.5,357.369995,350.200012,353.440002,349500
5485,2021-10-20,352.410004,367.660004,351.320007,365.920013,622700
5486,2021-10-21,362.359985,366.649994,359.160004,365.399994,370000
5487,2021-10-22,366.459991,370.380005,364.619995,368.290009,353700
5488,2021-10-25,368.809998,370.130005,364.630005,366.26001,535100
5489,2021-10-26,368.0,369.75,357.029999,357.190002,591500
5490,2021-10-27,356.529999,359.660004,346.790009,347.549988,716600
5491,2021-10-28,364.75,373.549988,349.25,367.179993,1300300
5492,2021-10-29,369.690002,380.170013,368.459991,379.109985,1041400
5493,2021-11-01,380.5,384.920013,379.179993,383.329987,638000
5494,2021-11-02,385.959991,391.660004,382.720001,386.190002,536500
5495,2021-11-03,383.950012,386.98999,377.049988,381.269989,665000
5496,2021-11-04,385.76001,387.75,380.929993,385.970001,487700
5497,2021-11-05,389.730011,396.970001,389.100006,391.959991,475000
5498,2021-11-08,411.359985,414.98999,392.51001,392.790009,1052400
5499,2021-11-09,392.0,395.269989,387.929993,391.5,349800
5500,2021-11-10,389.630005,391.420013,377.619995,379.980011,635400
5501,2021-11-11,380.869995,387.869995,378.950012,382.450012,384700
5502,2021-11-12,383.190002,387.029999,381.720001,382.959991,353200
5503,2021-11-15,386.200012,389.149994,383.410004,384.290009,310200
5504,2021-11-16,385.950012,387.48999,380.790009,381.670013,381300
5505,2021-11-17,379.799988,381.980011,374.299988,379.730011,536000
5506,2021-11-18,380.410004,382.470001,376.0,377.869995,318400
5507,2021-11-19,374.980011,380.660004,371.75,375.26001,479900
5508,2021-11-22,379.359985,386.859985,376.75,376.950012,489300
5509,2021-11-23,376.619995,378.880005,371.399994,375.190002,1009400
5510,2021-11-24,371.799988,376.940002,371.01001,373.890015,361700
5511,2021-11-26,360.519989,364.660004,354.26001,362.230011,542900
5512,2021-11-29,367.369995,368.899994,356.420013,357.019989,658900
5513,2021-11-30,354.070007,355.48999,338.040009,338.73999,1463100
5514,2021-12-01,348.950012,349.75,332.700012,332.820007,984500
5515,2021-12-02,335.25,343.820007,335.0,339.420013,670500
5516,2021-12-03,343.790009,343.790009,326.880005,332.829987,818600
5517,2021-12-06,335.200012,348.0,329.200012,344.890015,1518400
5518,2021-12-07,354.339996,364.480011,352.01001,356.75,852100
5519,2021-12-08,356.640015,361.019989,356.040009,356.959991,544000
5520,2021-12-09,361.0,362.190002,355.029999,356.529999,589200
5521,2021-12-10,358.5,360.0,344.829987,347.809998,599900
5522,2021-12-13,346.910004,347.350006,335.309998,338.26001,675200
5523,2021-12-14,335.670013,342.070007,333.420013,337.579987,471100
5524,2021-12-15,336.290009,342.679993,327.75,341.149994,671100
5525,2021-12-16,346.329987,349.040009,335.339996,337.470001,522400
5526,2021-12-17,336.98999,337.519989,327.75,332.329987,1147600
5527,2021-12-20,325.809998,326.040009,316.619995,321.980011,752600
5528,2021-12-21,315.549988,330.190002,315.0,328.950012,624000
5529,2021-12-22,329.899994,331.839996,323.290009,325.670013,598900
5530,2021-12-23,327.869995,335.859985,327.869995,331.730011,372600
5531,2021-12-27,333.0,333.5,328.549988,333.5,382100
5532,2021-12-28,333.290009,337.570007,331.179993,333.570007,254500
5533,2021-12-29,334.869995,336.109985,332.589996,334.119995,354500
5534,2021-12-30,333.519989,336.01001,329.720001,329.890015,336600
5535,2021-12-31,328.290009,334.179993,325.519989,332.290009,659700
5536,2022-01-03,333.26001,338.75,329.269989,330.640015,524400
5537,2022-01-04,334.829987,349.140015,333.299988,347.089996,698800
5538,2022-01-05,347.299988,351.5,333.25,335.019989,801100
5539,2022-01-06,337.959991,338.589996,330.779999,335.170013,537000
5540,2022-01-07,335.100006,338.720001,325.589996,325.980011,796000
5541,2022-01-10,327.630005,328.190002,316.75,322.209991,794700
5542,2022-01-11,323.029999,334.76001,315.679993,333.98999,885700
5543,2022-01-12,338.279999,345.0,331.299988,331.950012,1032200
5544,2022-01-13,333.920013,345.279999,333.920013,336.209991,731700
5545,2022-01-14,333.529999,335.769989,322.869995,327.820007,589000
5546,2022-01-18,323.579987,324.950012,313.850006,314.200012,764300
5547,2022-01-19,317.589996,317.600006,307.040009,307.299988,663800
5548,2022-01-20,309.690002,317.600006,306.230011,307.109985,732500
5549,2022-01-21,302.329987,309.450012,294.959991,297.170013,938000
5550,2022-01-24,288.440002,312.980011,286.859985,312.190002,1302200
5551,2022-01-25,305.040009,313.649994,301.160004,308.399994,1170500
5552,2022-01-26,313.329987,319.859985,303.540009,307.76001,977000
5553,2022-01-27,329.799988,329.799988,313.140015,319.799988,1967200
5554,2022-01-28,317.609985,321.019989,305.839996,317.769989,1093500
5555,2022-01-31,315.450012,320.769989,315.0,320.119995,817600
5556,2022-02-01,317.48999,330.070007,317.48999,330.01001,839900
5557,2022-02-02,330.029999,333.5,323.890015,326.220001,905600
5558,2022-02-03,321.529999,328.140015,321.529999,324.429993,832900
5559,2022-02-04,322.899994,325.429993,312.0,312.290009,758500
5560,2022-02-07,315.0,317.890015,312.690002,315.779999,516000
5561,2022-02-08,318.369995,324.549988,316.76001,323.390015,544800
5562,2022-02-09,328.450012,335.040009,326.959991,334.190002,532700
5563,2022-02-10,329.890015,335.23999,322.980011,325.679993,606000
5564,2022-02-11,325.079987,327.070007,308.440002,312.910004,831300
5565,2022-02-14,310.48999,318.929993,310.290009,313.25,609900
5566,2022-02-15,317.029999,323.559998,314.220001,322.869995,762300
5567,2022-02-16,320.559998,326.619995,320.51001,325.119995,456800
5568,2022-02-17,321.51001,324.369995,313.359985,314.209991,433600
5569,2022-02-18,313.920013,318.660004,310.329987,311.820007,392500
5570,2022-02-22,310.0,316.049988,308.390015,312.320007,671900
5571,2022-02-23,315.459991,317.25,298.549988,299.200012,817600
5572,2022-02-24,288.959991,308.899994,288.369995,308.320007,754100
5573,2022-02-25,309.0,317.48999,307.220001,316.309998,516600
5574,2022-02-28,312.470001,322.209991,311.549988,321.619995,669700
5575,2022-03-01,320.049988,320.980011,310.0,313.040009,629200
5576,2022-03-02,316.450012,329.660004,315.720001,326.309998,491200
5577,2022-03-03,329.320007,330.98999,322.369995,328.640015,618300
5578,2022-03-04,324.809998,326.079987,312.309998,316.51001,654800
5579,2022-03-07,317.859985,317.859985,295.5,298.23999,999800
5580,2022-03-08,301.940002,320.299988,301.940002,310.679993,904500
5581,2022-03-09,318.98999,320.98999,314.079987,315.790009,704800
5582,2022-03-10,312.480011,322.339996,311.190002,321.25,439200
5583,2022-03-11,327.48999,330.799988,322.450012,322.75,462900
5584,2022-03-14,324.220001,331.049988,318.350006,320.26001,801400
5585,2022-03-15,321.0,331.130005,320.299988,328.350006,573800
5586,2022-03-16,329.76001,340.5,329.76001,337.559998,831300
5587,2022-03-17,333.559998,348.299988,333.059998,346.769989,907700
5588,2022-03-18,342.440002,349.459991,341.880005,346.23999,672000
5589,2022-03-21,346.25,348.950012,343.410004,347.799988,609900
5590,2022-03-22,350.0,358.079987,349.549988,356.359985,703500
5591,2022-03-23,355.0,361.170013,352.01001,354.429993,795800
5592,2022-03-24,356.25,359.579987,352.070007,358.980011,559600
5593,2022-03-25,360.01001,364.5,358.829987,363.670013,599200
5594,2022-03-28,362.440002,363.549988,356.420013,363.399994,397900
5595,2022-03-29,367.160004,368.609985,356.670013,365.200012,611100
5596,2022-03-30,363.380005,366.73999,357.649994,359.190002,638400
5597,2022-03-31,359.429993,365.279999,355.160004,355.209991,705200
5598,2022-04-01,358.75,361.549988,350.579987,354.0,466000
5599,2022-04-04,353.450012,353.519989,348.600006,349.899994,592900
5600,2022-04-05,348.850006,350.220001,340.709991,342.220001,650500
5601,2022-04-06,336.25,337.0,320.959991,325.470001,1249800
5602,2022-04-07,325.429993,326.600006,317.820007,320.920013,816200
5603,2022-04-08,319.380005,324.660004,316.149994,317.049988,802700
5604,2022-04-11,314.049988,324.029999,312.130005,316.029999,632500
5605,2022-04-12,318.75,327.019989,315.51001,318.799988,538400
5606,2022-04-13,319.609985,325.459991,318.059998,324.75,370800
5607,2022-04-14,326.119995,334.549988,326.119995,331.070007,526300
5608,2022-04-18,330.0,341.890015,330.0,339.549988,679700
5609,2022-04-19,340.209991,352.23999,340.0,351.480011,613300
5610,2022-04-20,355.459991,359.859985,351.809998,353.089996,561200
5611,2022-04-21,359.029999,359.790009,335.869995,337.720001,914200
5612,2022-04-22,334.140015,336.350006,314.329987,314.670013,976300
5613,2022-04-25,308.959991,315.26001,301.799988,313.279999,1200500
5614,2022-04-26,309.480011,311.910004,300.73999,302.26001,859000
5615,2022-04-27,301.76001,310.649994,300.089996,309.619995,1030200
5616,2022-04-28,321.450012,324.0,305.579987,318.5,1248600
5617,2022-04-29,317.820007,321.119995,314.910004,316.519989,924800
5618,2022-05-02,316.079987,316.799988,296.76001,307.029999,1183100
5619,2022-05-03,307.390015,315.529999,307.390015,312.450012,599000
5620,2022-05-04,314.359985,321.25,302.380005,320.51001,967600
5621,2022-05-05,314.980011,318.549988,298.399994,303.200012,1013100
5622,2022-05-06,300.410004,302.649994,288.25,295.459991,960400
5623,2022-05-09,290.0,303.359985,286.0,286.820007,1463200
5624,2022-05-10,291.23999,299.649994,285.609985,293.690002,1124200
5625,2022-05-11,291.0,298.269989,280.459991,280.820007,894700
5626,2022-05-12,276.859985,283.029999,269.369995,283.019989,1363700
5627,2022-05-13,285.549988,293.480011,285.309998,288.440002,566400
5628,2022-05-16,286.140015,287.619995,280.200012,282.929993,514500
5629,2022-05-17,292.200012,296.25,286.410004,290.459991,524200
5630,2022-05-18,287.75,292.899994,272.700012,273.399994,877500
5631,2022-05-19,269.140015,278.570007,268.529999,272.609985,686100
5632,2022-05-20,276.170013,276.779999,262.76001,269.920013,844600
5633,2022-05-23,272.670013,275.75,267.619995,274.149994,862900
5634,2022-05-24,271.5,272.049988,263.049988,267.73999,698800
5635,2022-05-25,267.299988,276.929993,264.970001,275.820007,618500
5636,2022-05-26,280.839996,286.070007,279.929993,284.839996,747200
5637,2022-05-27,288.850006,297.630005,288.769989,297.459991,611500
5638,2022-05-31,292.290009,299.559998,291.290009,298.179993,1726600
5639,2022-06-01,298.730011,301.480011,286.410004,293.5,649300
5640,2022-06-02,296.100006,300.0,295.829987,299.700012,474100
5641,2022-06-03,296.429993,303.119995,296.070007,301.25,592000
5642,2022-06-06,304.970001,308.5,301.299988,307.269989,445100
5643,2022-06-07,303.730011,313.5,300.119995,312.679993,535600
5644,2022-06-08,309.829987,310.279999,304.359985,305.190002,365900
5645,2022-06-09,303.429993,305.029999,298.109985,298.399994,471600
5646,2022-06-10,286.070007,293.390015,280.220001,280.220001,844300
