,Date,Open,High,Low,Close,Volume
0,2000-01-03,27.65625,27.65625,24.5,26.5625,410400
1,2000-01-04,26.875,27.1875,26.0,27.1875,115400
2,2000-01-05,27.1875,27.5625,25.75,26.25,167200
3,2000-01-06,25.5,28.5,25.5,27.1875,204600
4,2000-01-07,28.5,29.0,27.28125,28.5,60400
5,2000-01-10,28.9375,30.75,28.75,29.6875,323200
6,2000-01-11,30.0,33.25,30.0,33.0,293200
7,2000-01-12,33.0,34.875,33.0,33.75,218800
8,2000-01-13,34.40625,36.875,33.34375,35.0,260400
9,2000-01-14,35.625,36.375,35.0,35.78125,109000
10,2000-01-18,35.78125,38.5,35.78125,38.5,277000
11,2000-01-19,38.25,38.25,37.03125,37.0625,254600
12,2000-01-20,38.03125,39.875,38.03125,38.625,199200
13,2000-01-21,39.03125,39.625,38.0,38.125,208800
14,2000-01-24,39.25,39.625,38.1875,38.375,372600
15,2000-01-25,38.1875,38.5625,37.0,37.5,346800
16,2000-01-26,37.25,37.375,29.5,33.8125,301000
17,2000-01-27,33.0,33.1875,30.0,31.875,326000
18,2000-01-28,31.5,32.0,31.3125,31.4375,443600
19,2000-01-31,31.375,32.625,30.875,31.0,103000
20,2000-02-01,31.0,31.5,31.0,31.5,248000
21,2000-02-02,31.25,31.6875,30.0,31.1875,75400
22,2000-02-03,31.6875,31.6875,30.5,31.625,215800
23,2000-02-04,31.6875,33.125,31.625,33.125,298400
24,2000-02-07,33.125,33.25,32.75,33.0625,242800
25,2000-02-08,32.875,43.5,32.875,40.5,263000
26,2000-02-09,40.5,41.0,37.6875,38.0,289400
27,2000-02-10,38.125,39.25,38.0,38.0,135400
28,2000-02-11,39.0,40.125,38.0,40.0,57400
29,2000-02-14,39.5,40.25,39.375,39.875,72200
30,2000-02-15,39.625,43.1875,39.625,42.28125,352000
31,2000-02-16,42.25,45.0,42.25,44.0625,452000
32,2000-02-17,43.5,47.1875,43.375,46.0,519000
33,2000-02-18,46.5,47.875,45.875,46.8125,282600
34,2000-02-22,47.0625,48.96875,46.0,47.0,142000
35,2000-02-23,46.875,48.5,45.8125,47.6875,205200
36,2000-02-24,48.25,48.25,46.375,47.9375,186000
37,2000-02-25,47.8125,50.5625,47.8125,50.5625,383000
38,2000-02-28,50.625,51.25,49.25,49.84375,234200
39,2000-02-29,50.8125,50.8125,48.75,48.75,136400
40,2000-03-01,50.0,50.25,48.5,50.0,261400
41,2000-03-02,50.25,50.25,47.875,49.40625,132000
42,2000-03-03,49.3125,50.125,44.4375,46.375,428400
43,2000-03-06,45.03125,46.6875,44.84375,45.0,249000
44,2000-03-07,45.5,46.125,45.0,45.65625,377800
45,2000-03-08,46.0,46.0,45.3125,45.5,267800
46,2000-03-09,45.75,46.0,45.125,45.5625,657200
47,2000-03-10,45.5,47.0,45.3125,46.4375,651600
48,2000-03-13,46.75,46.75,44.0,44.0,216800
49,2000-03-14,43.8125,43.8125,39.1875,39.375,554000
50,2000-03-15,39.25,40.5,34.03125,34.125,389000
51,2000-03-16,37.3125,37.3125,34.75,35.0,128000
52,2000-03-17,34.0,35.0,34.0,34.125,225000
53,2000-03-20,34.5,34.5,25.0,28.5625,208600
54,2000-03-21,29.3125,37.375,29.125,32.5,505800
55,2000-03-22,35.0,36.375,34.0,36.375,262400
56,2000-03-23,36.0,36.375,35.0,36.0,121000
57,2000-03-24,36.0,36.5,34.8125,35.0625,256400
58,2000-03-27,46.0625,46.5,37.5,41.125,2064000
59,2000-03-28,41.0,43.0,40.875,41.53125,924000
60,2000-03-29,41.5,42.5,39.875,40.0,460200
61,2000-03-30,40.75,40.75,36.625,36.6875,490800
62,2000-03-31,36.875,39.5,36.875,38.875,594000
63,2000-04-03,38.390625,38.90625,37.875,38.25,203800
64,2000-04-04,38.25,38.3125,29.507813,35.125,652000
65,2000-04-05,34.5,37.3125,32.5,35.5625,697000
66,2000-04-06,35.5,35.53125,33.75,34.6875,1010000
67,2000-04-07,34.75,35.0,34.25,34.53125,1275000
68,2000-04-10,34.75,34.75,30.5,30.84375,315600
69,2000-04-11,30.5,31.0625,28.5,30.0,547800
70,2000-04-12,29.75,29.9375,26.78125,27.0625,174800
71,2000-04-13,27.0,27.0,25.5,25.5,1422200
72,2000-04-14,25.0,26.375,20.5,20.78125,551600
73,2000-04-17,20.5,24.0,20.0,20.125,420200
74,2000-04-18,20.5625,23.0,20.46875,22.25,454800
75,2000-04-19,23.1875,25.25,20.0,23.0,564200
76,2000-04-20,24.3125,24.5,20.625,22.875,136200
77,2000-04-24,23.5,23.5,21.03125,21.5,327000
78,2000-04-25,22.0625,22.75,21.5,22.5,393000
79,2000-04-26,22.9375,25.25,22.0,25.0,166000
80,2000-04-27,24.5,26.5,23.625,26.5,135000
81,2000-04-28,26.0,30.25,26.0,28.25,369400
82,2000-05-01,28.28125,33.9375,27.75,32.53125,419800
83,2000-05-02,33.5,36.25,32.0,34.0,742800
84,2000-05-03,33.5,33.75,32.0,32.1875,298200
85,2000-05-04,32.25,33.5,31.8125,31.90625,397800
86,2000-05-05,34.25,35.3125,32.5,34.875,290600
87,2000-05-08,32.75,35.0,32.625,34.5625,285000
88,2000-05-09,34.8125,35.0,32.71875,32.84375,375200
89,2000-05-10,32.8125,33.875,32.375,33.21875,614400
90,2000-05-11,33.4375,33.46875,32.375,32.46875,225600
91,2000-05-12,32.5625,32.65625,31.75,32.0,169800
92,2000-05-15,31.0,32.0,29.5,30.25,233400
93,2000-05-16,31.125,32.75,30.8125,31.375,161000
94,2000-05-17,30.78125,32.5,30.78125,31.8125,112000
95,2000-05-18,31.0,31.1875,30.5625,31.0625,516200
96,2000-05-19,30.5,32.0,30.0,30.65625,386400
97,2000-05-22,31.75,31.75,30.03125,30.125,440600
98,2000-05-23,30.5,31.0625,30.125,30.46875,532400
99,2000-05-24,30.0625,32.0,30.0625,31.5,558800
100,2000-05-25,31.8125,33.0,31.375,32.125,811000
101,2000-05-26,32.0,32.125,30.75,31.125,217800
102,2000-05-30,31.25,31.9375,30.8125,31.9375,340800
103,2000-05-31,32.0625,32.5,31.53125,32.0,190000
104,2000-06-01,32.125,32.875,32.125,32.6875,146400
105,2000-06-02,32.75,33.625,32.5625,33.40625,379200
106,2000-06-05,32.46875,35.0,31.875,34.25,182200
107,2000-06-06,34.5,36.5,33.5625,36.46875,548600
108,2000-06-07,36.0,41.5,36.0,39.6875,788800
109,2000-06-08,39.875,40.125,37.5,38.25,389000
110,2000-06-09,38.5,41.09375,37.625,40.59375,401000
111,2000-06-12,39.5,45.0625,39.5,43.65625,385200
112,2000-06-13,42.5,43.46875,42.1875,42.90625,553600
113,2000-06-14,43.0,43.75,42.5,43.09375,313000
114,2000-06-15,43.75,44.0,42.75,43.1875,328400
115,2000-06-16,43.0,44.4375,43.0,44.023438,260200
116,2000-06-19,44.0,45.625,43.75,44.0625,547400
117,2000-06-20,44.0625,44.8125,37.0,39.757813,3223200
118,2000-06-21,40.5,43.0,39.8125,42.5,772800
119,2000-06-22,42.625,42.625,41.75,42.25,372600
120,2000-06-23,42.0,42.5625,41.75,42.4375,463400
121,2000-06-26,42.0,45.0625,42.0,45.0,236400
122,2000-06-27,46.0,50.0,46.0,48.84375,949800
123,2000-06-28,47.3125,50.0,46.75,49.96875,888600
124,2000-06-29,48.875,59.875,48.875,54.6875,2035600
125,2000-06-30,57.515625,57.53125,52.5,54.1875,1687800
126,2000-07-03,54.125,54.125,51.78125,52.5,370000
127,2000-07-05,45.25,52.375,45.0,51.375,508400
128,2000-07-06,51.125,59.25,51.0,58.9375,1154000
129,2000-07-07,58.257813,58.4375,54.75,56.375,538600
130,2000-07-10,55.5,58.5,54.65625,58.1875,398600
131,2000-07-11,57.25,63.125,57.25,61.0,715400
132,2000-07-12,60.625,66.0,60.4375,64.25,819800
133,2000-07-13,64.375,65.5,61.515625,62.25,968400
134,2000-07-14,58.125,59.625,55.3125,57.53125,1755000
135,2000-07-17,56.265625,62.0,56.0,60.03125,247200
136,2000-07-18,59.0625,61.5,59.0625,60.0,275000
137,2000-07-19,59.75,60.0,56.0,56.375,632000
138,2000-07-20,56.375,58.125,56.0,57.5,408400
139,2000-07-21,57.75,59.75,55.8125,57.5,129600
140,2000-07-24,57.25,59.0,55.0,55.8125,130600
141,2000-07-25,54.5,55.0,51.6875,51.78125,401200
142,2000-07-26,53.0,57.0625,50.0,52.8125,865000
143,2000-07-27,54.75,55.0,50.5,51.5625,577800
144,2000-07-28,51.234375,51.234375,49.0,49.5,955000
145,2000-07-31,49.6875,49.6875,44.3125,49.0,489400
146,2000-08-01,49.0,53.625,47.257813,53.125,447600
147,2000-08-02,52.0,52.5625,50.1875,52.5,289200
148,2000-08-03,51.0,52.21875,49.15625,50.5,555200
149,2000-08-04,51.1875,52.734375,50.75,51.890625,335000
150,2000-08-07,52.375,56.5,51.5,56.4375,382200
151,2000-08-08,55.5,56.0,47.546875,49.46875,787600
152,2000-08-09,50.90625,51.0,47.5625,47.65625,445600
153,2000-08-10,48.375,48.375,46.609375,47.0,445200
154,2000-08-11,47.0,47.5625,45.25,45.75,452800
155,2000-08-14,46.0625,46.5625,43.03125,45.5,1118600
156,2000-08-15,45.75,45.75,44.6875,45.34375,553800
157,2000-08-16,45.1875,45.5,44.9375,45.375,537200
158,2000-08-17,45.5,47.75,45.5,46.9375,244000
159,2000-08-18,47.75,47.75,46.03125,46.15625,273800
160,2000-08-21,46.5,47.15625,45.101563,47.0,210200
161,2000-08-22,46.96875,47.0625,45.75,45.875,263600
162,2000-08-23,46.6875,46.75,45.75,46.0,237400
163,2000-08-24,47.5,48.09375,46.0,46.84375,507400
164,2000-08-25,46.6875,48.0,45.0,45.03125,920400
165,2000-08-28,45.9375,46.5,35.25,40.0,4736000
166,2000-08-29,43.3125,43.75,38.125,41.5625,2723200
167,2000-08-30,41.1875,41.6875,39.9375,40.90625,850200
168,2000-08-31,41.03125,43.179688,40.75,43.179688,655800
169,2000-09-01,42.78125,43.34375,42.625,43.25,437200
170,2000-09-05,42.5,43.0,39.96875,40.0625,1072000
171,2000-09-06,38.53125,40.1875,38.375,38.46875,484000
172,2000-09-07,38.5,41.25,38.5,41.21875,1123000
173,2000-09-08,38.9375,42.375,38.90625,42.0,274600
174,2000-09-11,40.5,43.5,39.5,40.5,1169400
175,2000-09-12,41.0,42.0,39.78125,41.1875,419600
176,2000-09-13,42.0,42.5,41.0,41.59375,214800
177,2000-09-14,41.9375,43.9375,41.75,42.28125,121000
178,2000-09-15,39.5625,41.0,39.5625,40.8125,491000
179,2000-09-18,41.5,41.5,38.09375,38.5,213400
180,2000-09-19,38.21875,39.96875,38.03125,39.34375,277200
181,2000-09-20,38.3125,38.90625,37.28125,37.71875,335000
182,2000-09-21,37.726563,38.0,36.53125,36.53125,146600
183,2000-09-22,36.34375,37.75,36.34375,37.4375,1020600
184,2000-09-25,37.71875,39.875,37.4375,38.9375,800000
185,2000-09-26,38.4375,39.0625,37.625,38.25,442400
186,2000-09-27,38.21875,39.875,37.75,39.78125,616000
187,2000-09-28,39.65625,43.1875,39.5,42.59375,1280400
188,2000-09-29,42.5,44.25,41.5,43.6875,447800
189,2000-10-02,44.3125,44.3125,38.375,41.0,1239200
190,2000-10-03,40.9375,41.5625,39.75,39.75,540000
191,2000-10-04,39.53125,39.65625,36.8125,38.5625,881800
192,2000-10-05,38.5625,39.1875,37.5,37.5,728200
193,2000-10-06,36.25,36.5,32.375,33.5,1813400
194,2000-10-09,32.53125,33.4375,30.5625,32.9375,554600
195,2000-10-10,33.367188,34.5625,30.5,30.75,348400
196,2000-10-11,31.125,31.125,27.5,30.5625,1388200
197,2000-10-12,30.625,31.0,29.5,30.125,1068200
198,2000-10-13,30.0,32.3125,29.5,32.0,639600
199,2000-10-16,34.5,36.5,33.25,36.0625,796400
200,2000-10-17,36.125,36.5,31.875,31.875,882000
201,2000-10-18,31.4375,31.5,29.1875,29.625,1388200
202,2000-10-19,30.0,31.3125,29.5,30.125,485800
203,2000-10-20,30.4375,31.5,29.875,29.875,1277000
204,2000-10-23,29.8125,29.9375,28.375,28.46875,916600
205,2000-10-24,29.5625,29.5625,26.03125,26.46875,640600
206,2000-10-25,25.28125,26.0,24.1875,24.96875,936800
207,2000-10-26,25.25,26.0,25.0,25.90625,634000
208,2000-10-27,25.34375,25.5625,21.25,24.53125,450000
209,2000-10-30,24.320313,25.5,24.25,24.96875,727200
210,2000-10-31,24.914063,28.625,24.8125,26.75,1392600
211,2000-11-01,26.78125,28.5,26.4375,28.375,710000
212,2000-11-02,30.460938,36.0,28.75,33.0,1033000
213,2000-11-03,32.5,36.34375,32.5,35.5,1391200
214,2000-11-06,35.25,36.375,34.6875,35.0,351600
215,2000-11-07,35.65625,35.679688,34.25,35.0,253200
216,2000-11-08,35.5625,35.5625,34.6875,34.875,120200
217,2000-11-09,34.882813,34.882813,32.5,33.460938,624200
218,2000-11-10,31.5625,33.59375,31.5,31.5625,252200
219,2000-11-13,31.0,31.0,28.375,29.5,1269800
220,2000-11-14,30.0,32.0,29.84375,29.921875,675200
221,2000-11-15,30.84375,30.875,29.0,29.0,618600
222,2000-11-16,28.59375,29.75,26.125,27.0,405400
223,2000-11-17,27.25,29.0,25.34375,25.5625,233400
224,2000-11-20,25.3125,25.46875,22.78125,22.78125,306200
225,2000-11-21,22.75,24.4375,22.75,23.75,568000
226,2000-11-22,22.75,24.21875,22.5,23.5625,309000
227,2000-11-24,23.5625,25.5,23.5625,25.0625,251800
228,2000-11-27,25.984375,26.0625,25.09375,25.5,193400
229,2000-11-28,26.0,26.0,23.4375,23.5,82000
230,2000-11-29,23.84375,24.1875,22.1875,22.40625,531200
231,2000-11-30,22.1875,24.25,20.5625,24.21875,820200
232,2000-12-01,22.78125,24.28125,22.78125,23.8125,1087600
233,2000-12-04,11.96875,12.125,8.0,8.96875,14154800
234,2000-12-05,9.015625,9.375,8.125,8.375,2847400
235,2000-12-06,8.671875,8.8125,7.375,7.90625,1447200
236,2000-12-07,7.90625,7.9375,7.25,7.59375,1731800
237,2000-12-08,7.75,8.125,7.6875,7.96875,2000400
238,2000-12-11,7.828125,8.375,7.75,8.25,1348000
239,2000-12-12,8.40625,8.40625,7.9375,8.0,1511400
240,2000-12-13,8.296875,8.3125,8.0625,8.09375,1108400
241,2000-12-14,8.101563,8.15625,7.1875,7.242188,1075200
242,2000-12-15,7.765625,8.0625,7.3125,7.84375,250800
243,2000-12-18,7.96875,8.0625,7.3125,7.375,664400
244,2000-12-19,7.4375,7.5,6.875,6.96875,429400
245,2000-12-20,6.742188,7.03125,6.5,7.0,651600
246,2000-12-21,7.125,7.125,6.71875,6.78125,425400
247,2000-12-22,6.875,7.0625,6.75,6.9375,174000
248,2000-12-26,7.03125,7.03125,6.375,6.6875,950400
249,2000-12-27,6.953125,6.96875,6.5,6.53125,1182800
250,2000-12-28,6.515625,6.9375,6.5,6.9375,1256200
251,2000-12-29,7.125,7.8125,6.9375,7.375,732000
252,2001-01-02,7.671875,7.71875,7.03125,7.0625,363400
253,2001-01-03,6.9375,7.015625,5.875,6.53125,638400
254,2001-01-04,6.9375,6.9375,6.0,6.125,208600
255,2001-01-05,6.34375,6.375,6.0,6.0,1253000
256,2001-01-08,6.3125,6.375,5.5625,5.65625,556400
257,2001-01-09,5.75,5.75,5.5625,5.65625,738200
258,2001-01-10,5.75,5.84375,5.625,5.65625,578400
259,2001-01-11,5.75,6.5,5.71875,6.0,986200
260,2001-01-12,6.078125,6.492188,6.03125,6.40625,898600
261,2001-01-16,6.445313,7.5,6.4375,7.28125,1028600
262,2001-01-17,8.125,8.3125,7.15625,7.3125,604000
263,2001-01-18,7.492188,7.5,7.0625,7.40625,284600
264,2001-01-19,7.5625,7.5625,7.34375,7.40625,162200
265,2001-01-22,7.492188,7.875,7.25,7.84375,145800
266,2001-01-23,7.828125,7.90625,7.6875,7.75,275200
267,2001-01-24,7.8125,8.625,7.8125,8.3125,347000
268,2001-01-25,8.5625,8.625,7.625,7.8125,247400
269,2001-01-26,7.96875,7.96875,7.5,7.625,169600
270,2001-01-29,7.65625,7.6875,7.109375,7.625,359000
271,2001-01-30,7.695313,7.8125,7.625,7.65625,384800
272,2001-01-31,7.78125,8.28125,7.75,8.0,337800
273,2001-02-01,8.289063,8.3125,7.9375,7.9375,341800
274,2001-02-02,8.046875,8.046875,7.46875,7.46875,248000
275,2001-02-05,7.625,7.625,7.03125,7.3125,147600
276,2001-02-06,7.3125,7.375,7.0,7.21875,166000
277,2001-02-07,7.3125,7.3125,6.65625,7.15625,202600
278,2001-02-08,7.25,7.3125,6.78125,6.96875,105400
279,2001-02-09,7.0625,7.09375,6.65625,7.0,153000
280,2001-02-12,7.0,7.21875,6.875,7.125,147000
281,2001-02-13,7.25,7.25,6.875,6.9375,121000
282,2001-02-14,6.890625,7.0,6.78125,6.90625,163000
283,2001-02-15,7.03125,7.03125,6.75,6.859375,250000
284,2001-02-16,7.085938,7.085938,6.75,6.75,135600
285,2001-02-20,6.875,6.875,6.75,6.78125,134200
286,2001-02-21,7.03125,7.03125,6.625,6.625,247400
287,2001-02-22,6.6875,6.6875,5.84375,6.125,176000
288,2001-02-23,6.15625,6.25,5.71875,6.0,253000
289,2001-02-26,6.0625,6.0625,5.8125,5.9375,206400
290,2001-02-27,6.023438,6.03125,5.25,5.460938,478200
291,2001-02-28,5.5625,6.0625,5.375,6.0625,1104400
292,2001-03-01,6.0625,6.8125,6.0,6.4375,813800
293,2001-03-02,6.46875,7.375,6.4375,6.5,663600
294,2001-03-05,6.507813,7.125,6.25,6.28125,155600
295,2001-03-06,6.554688,6.71875,6.1875,6.4375,572400
296,2001-03-07,6.46875,6.875,6.3125,6.78125,513800
297,2001-03-08,6.929688,7.25,6.8125,7.0,601600
298,2001-03-09,7.304688,7.6875,7.0,7.375,766000
299,2001-03-12,7.5,7.5,7.0,7.03125,543600
300,2001-03-13,7.15625,7.75,6.875,7.65625,760400
301,2001-03-14,7.625,8.65625,7.125,7.875,552800
302,2001-03-15,7.875,8.46875,7.875,8.1875,304800
303,2001-03-16,8.234375,8.59375,8.21875,8.46875,833200
304,2001-03-19,8.25,9.0,8.125,9.0,586400
305,2001-03-20,9.0625,9.0625,8.25,8.3125,487600
306,2001-03-21,7.8125,8.25,7.5625,8.09375,504200
307,2001-03-22,7.820313,8.1875,6.875,7.875,765400
308,2001-03-23,8.03125,8.875,7.5625,7.8125,804000
309,2001-03-26,8.0,8.40625,7.875,7.90625,758600
310,2001-03-27,8.179688,8.25,7.9375,8.125,549400
311,2001-03-28,7.8125,8.125,7.6875,7.8125,283600
312,2001-03-29,7.78125,8.875,7.78125,8.0,774200
313,2001-03-30,8.0,8.75,7.9375,8.71875,493600
314,2001-04-02,8.6875,8.75,7.5625,7.875,493800
315,2001-04-03,7.75,7.8125,7.0,7.09375,178800
316,2001-04-04,7.125,7.5,6.96875,7.40625,254800
317,2001-04-05,7.375,7.96875,7.1875,7.96875,353200
318,2001-04-06,7.875,8.0,7.53125,7.5625,204000
319,2001-04-09,7.515,7.69,7.45,7.685,258400
320,2001-04-10,7.725,7.735,7.375,7.385,233200
321,2001-04-11,7.5,7.56,7.125,7.175,396200
322,2001-04-12,7.45,7.45,7.25,7.45,316400
323,2001-04-16,5.35,6.18,5.03,5.655,3586000
324,2001-04-17,5.615,5.615,5.43,5.515,1383200
325,2001-04-18,5.625,5.75,5.435,5.625,1227000
326,2001-04-19,5.605,5.925,5.5,5.875,902000
327,2001-04-20,5.79,5.835,5.57,5.725,384200
328,2001-04-23,5.625,5.655,5.47,5.57,146800
329,2001-04-24,5.585,5.65,5.375,5.415,277200
330,2001-04-25,5.44,5.645,5.26,5.565,196400
331,2001-04-26,5.565,5.705,5.535,5.59,168000
332,2001-04-27,5.6,5.815,5.59,5.75,85200
333,2001-04-30,5.75,6.0,5.75,6.0,334800
334,2001-05-01,5.995,6.0,5.725,5.995,254400
335,2001-05-02,6.025,6.025,5.25,5.745,538000
336,2001-05-03,5.75,5.75,5.45,5.52,204200
337,2001-05-04,5.525,5.675,5.45,5.525,188600
338,2001-05-07,5.475,5.6,5.355,5.375,321400
339,2001-05-08,5.5,5.5,5.23,5.395,221400
340,2001-05-09,5.4,5.55,5.345,5.48,176400
341,2001-05-10,5.5,5.615,5.5,5.6,249000
342,2001-05-11,5.6,5.725,5.51,5.53,296400
343,2001-05-14,5.73,5.735,5.5,5.605,242000
344,2001-05-15,5.63,5.78,5.58,5.725,255000
345,2001-05-16,5.735,6.4,5.66,6.175,377000
346,2001-05-17,6.4,7.04,6.13,6.95,509200
347,2001-05-18,6.89,6.935,6.75,6.765,696600
348,2001-05-21,6.905,7.25,6.9,7.05,581200
349,2001-05-22,7.03,7.24,6.76,6.77,487600
350,2001-05-23,6.815,7.0,6.75,6.765,215600
351,2001-05-24,7.03,7.03,6.71,6.96,285600
352,2001-05-25,6.96,7.05,6.825,6.88,237000
353,2001-05-29,6.91,7.025,6.88,6.88,142200
354,2001-05-30,6.775,6.99,6.475,6.53,133800
355,2001-05-31,6.72,6.72,6.455,6.5,240200
356,2001-06-01,6.6,6.75,6.38,6.6,266800
357,2001-06-04,6.55,7.045,6.55,6.765,165000
358,2001-06-05,6.76,7.095,6.76,7.0,396200
359,2001-06-06,6.96,7.025,6.94,6.98,358400
360,2001-06-07,6.925,7.07,6.925,7.05,200600
361,2001-06-08,7.12,7.46,7.015,7.25,379400
362,2001-06-11,7.125,7.155,6.975,6.98,280400
363,2001-06-12,7.045,7.045,6.665,6.835,173400
364,2001-06-13,6.875,6.875,6.71,6.83,26400
365,2001-06-14,6.7,6.75,6.2,6.525,315000
366,2001-06-15,6.5,6.8,6.345,6.585,349000
367,2001-06-18,6.62,6.75,6.605,6.625,111400
368,2001-06-19,6.625,6.675,6.6,6.6,98600
369,2001-06-20,6.65,6.8,6.08,6.155,643000
370,2001-06-21,6.075,6.25,6.045,6.06,374600
371,2001-06-22,6.15,6.15,5.975,6.025,159600
372,2001-06-25,6.065,6.07,5.65,6.045,113200
373,2001-06-26,6.095,6.145,5.65,6.145,143400
374,2001-06-27,6.125,6.225,5.755,5.915,539200
375,2001-06-28,5.965,6.22,5.965,6.2,199400
376,2001-06-29,6.175,6.805,6.175,6.675,549200
377,2001-07-02,6.605,6.605,6.375,6.465,337000
378,2001-07-03,6.5,6.5,6.375,6.375,113000
379,2001-07-05,6.4,6.4,6.25,6.285,1196800
380,2001-07-06,6.43,6.43,6.0,6.11,449200
381,2001-07-09,6.0,6.25,5.935,6.165,109400
382,2001-07-10,6.175,6.18,5.975,6.0,262800
383,2001-07-11,6.11,6.275,6.035,6.25,640800
384,2001-07-12,6.24,6.325,6.155,6.23,134000
385,2001-07-13,6.275,6.4,6.0,6.225,222400
386,2001-07-16,6.35,6.45,6.205,6.32,211600
387,2001-07-17,6.345,6.35,6.05,6.245,215200
388,2001-07-18,6.25,6.4,6.125,6.32,128600
389,2001-07-19,6.26,6.335,5.925,6.055,177800
390,2001-07-20,6.0,6.21,6.0,6.175,125600
391,2001-07-23,6.03,6.25,5.955,6.005,124600
392,2001-07-24,6.12,6.14,5.91,5.99,108200
393,2001-07-25,6.095,6.1,5.88,5.95,200200
394,2001-07-26,6.095,6.17,5.8,5.845,423200
395,2001-07-27,5.855,6.085,5.855,5.975,534600
396,2001-07-30,6.0,6.125,5.885,6.12,251200
397,2001-07-31,6.075,6.16,6.0,6.105,267400
398,2001-08-01,6.195,6.195,5.9,6.075,203600
399,2001-08-02,6.15,6.15,5.945,6.075,581800
400,2001-08-03,6.075,6.165,5.845,6.15,256200
401,2001-08-06,6.13,6.3,5.775,6.18,211600
402,2001-08-07,6.31,6.31,6.03,6.175,287000
403,2001-08-08,6.03,6.225,4.39,4.405,1858000
404,2001-08-09,4.405,4.405,4.405,4.405,0
405,2001-08-10,6.765,7.12,6.4,7.0,7829200
406,2001-08-13,7.1,7.4,6.675,6.825,3662200
407,2001-08-14,6.77,6.85,6.685,6.715,2224800
408,2001-08-15,6.735,6.925,6.725,6.855,589400
409,2001-08-16,6.925,7.0,6.805,6.9,404000
410,2001-08-17,6.85,7.0,6.825,6.94,217600
411,2001-08-20,6.87,6.945,6.63,6.8,638400
412,2001-08-21,6.725,6.95,6.725,6.805,90200
413,2001-08-22,6.925,6.925,6.63,6.745,425200
414,2001-08-23,6.75,6.89,6.645,6.81,599000
415,2001-08-24,6.85,6.875,6.75,6.765,566000
416,2001-08-27,6.75,6.875,6.68,6.735,156200
417,2001-08-28,6.75,6.75,6.675,6.72,89600
418,2001-08-29,6.68,6.78,6.63,6.775,68600
419,2001-08-30,6.825,6.95,6.725,6.85,230400
420,2001-08-31,6.82,6.96,6.75,6.75,246400
421,2001-09-04,6.775,6.94,6.695,6.71,188200
422,2001-09-05,6.86,6.86,6.65,6.74,117600
423,2001-09-06,6.745,6.8,6.64,6.79,149800
424,2001-09-07,6.65,6.695,6.285,6.5,188800
425,2001-09-10,6.5,6.6,6.175,6.335,713000
426,2001-09-17,6.315,6.315,5.825,6.055,207200
427,2001-09-18,6.025,6.18,6.005,6.005,372800
428,2001-09-19,6.01,6.2,5.825,6.05,672600
429,2001-09-20,5.955,6.195,5.85,5.985,582800
430,2001-09-21,5.925,6.1,5.775,6.025,590800
431,2001-09-24,6.05,6.18,5.9,6.12,234200
432,2001-09-25,6.105,6.125,5.84,6.045,166400
433,2001-09-26,6.03,6.08,5.68,5.735,130800
434,2001-09-27,5.725,6.155,5.405,6.035,266800
435,2001-09-28,6.14,6.3,6.075,6.28,213800
436,2001-10-01,6.275,7.0,6.22,6.785,401800
437,2001-10-02,6.745,6.75,6.215,6.375,281400
438,2001-10-03,6.38,6.38,6.03,6.275,542000
439,2001-10-04,6.275,6.525,6.275,6.43,179000
440,2001-10-05,6.365,6.49,6.25,6.39,147800
441,2001-10-08,6.33,6.8,6.33,6.575,351600
442,2001-10-09,6.535,6.655,6.535,6.605,310400
443,2001-10-10,6.885,7.185,6.81,6.905,1007400
444,2001-10-11,7.115,8.065,7.0,7.75,1322000
445,2001-10-12,7.995,8.3,7.775,8.18,1052400
446,2001-10-15,5.315,5.67,4.875,5.02,5629600
447,2001-10-16,5.055,5.175,5.015,5.025,1081000
448,2001-10-17,5.195,5.2,4.5,4.56,1616600
449,2001-10-18,4.6,4.8,4.505,4.505,866800
450,2001-10-19,4.6,4.635,4.385,4.505,490800
451,2001-10-22,4.5,4.535,4.4,4.4,407600
452,2001-10-23,4.43,4.545,4.4,4.53,221800
453,2001-10-24,4.575,4.615,4.4,4.54,235800
454,2001-10-25,4.55,4.55,4.42,4.5,233000
455,2001-10-26,4.5,4.57,4.405,4.415,164200
456,2001-10-29,4.415,4.525,4.41,4.485,149000
457,2001-10-30,4.45,4.555,4.415,4.5,174400
458,2001-10-31,4.46,4.735,4.355,4.725,605000
459,2001-11-01,4.7,4.9,4.55,4.875,633000
460,2001-11-02,4.925,4.965,4.705,4.75,203000
461,2001-11-05,4.775,4.9,4.7,4.84,118600
462,2001-11-06,4.855,4.9,4.83,4.83,69000
463,2001-11-07,4.825,4.975,4.785,4.795,137600
464,2001-11-08,4.805,4.87,4.625,4.665,116400
465,2001-11-09,4.655,4.73,4.575,4.635,197800
466,2001-11-12,4.6,4.66,4.43,4.6,145200
467,2001-11-13,4.575,4.65,4.565,4.605,115800
468,2001-11-14,4.61,4.72,4.585,4.69,181800
469,2001-11-15,4.675,4.745,4.64,4.685,302400
470,2001-11-16,4.75,5.0,4.6,4.75,834800
471,2001-11-19,4.91,4.945,4.7,4.77,343400
472,2001-11-20,4.77,4.91,4.605,4.69,224800
473,2001-11-21,4.69,4.74,4.535,4.69,329400
474,2001-11-23,4.6,4.65,4.515,4.645,45400
475,2001-11-26,4.585,4.64,4.46,4.575,224400
476,2001-11-27,4.605,4.695,4.41,4.6,662400
477,2001-11-28,4.6,4.625,4.4,4.44,354400
478,2001-11-29,4.45,4.6,4.36,4.525,306600
479,2001-11-30,4.525,4.6,4.475,4.5,482800
480,2001-12-03,4.5,4.625,4.485,4.575,283000
481,2001-12-04,4.575,4.59,4.47,4.505,257400
482,2001-12-05,4.545,4.545,4.425,4.505,387600
483,2001-12-06,4.505,4.545,4.43,4.5,273400
484,2001-12-07,4.48,4.54,4.425,4.485,253000
485,2001-12-10,4.435,4.5,4.38,4.38,234800
486,2001-12-11,4.4,4.55,4.275,4.545,842200
487,2001-12-12,4.525,4.625,4.475,4.55,525000
488,2001-12-13,4.525,4.575,4.415,4.5,586800
489,2001-12-14,4.465,4.825,4.38,4.6,604000
490,2001-12-17,4.6,4.75,4.58,4.7,444200
491,2001-12-18,4.705,5.3,4.65,5.2,3039800
492,2001-12-19,5.15,5.35,5.08,5.095,1109400
493,2001-12-20,5.175,5.2,4.855,4.96,541200
494,2001-12-21,4.95,5.195,4.95,5.075,1257600
495,2001-12-24,5.075,5.175,4.9,4.965,442200
496,2001-12-26,4.925,5.065,4.925,4.99,508000
497,2001-12-27,5.03,5.1,5.0,5.09,302200
498,2001-12-28,5.15,5.26,5.075,5.16,569000
499,2001-12-31,5.18,5.33,5.075,5.205,348000
500,2002-01-02,5.25,5.25,4.885,5.125,380400
501,2002-01-03,5.19,5.2,5.005,5.1,419600
502,2002-01-04,5.1,5.15,5.02,5.045,436000
503,2002-01-07,5.005,5.125,4.87,4.965,465000
504,2002-01-08,4.915,5.06,4.915,5.03,200600
505,2002-01-09,5.055,5.1,4.88,4.89,239800
506,2002-01-10,4.895,4.96,4.85,4.91,75200
507,2002-01-11,4.925,4.935,4.76,4.775,359200
508,2002-01-14,4.75,4.875,4.73,4.75,163800
509,2002-01-15,4.75,4.865,4.625,4.705,214800
510,2002-01-16,4.675,4.765,4.625,4.75,111000
511,2002-01-17,4.675,4.715,4.58,4.675,124600
512,2002-01-18,4.625,4.715,4.57,4.7,174600
513,2002-01-22,4.725,4.725,4.52,4.6,155200
514,2002-01-23,4.6,4.78,4.6,4.75,124200
515,2002-01-24,4.7,4.775,4.55,4.55,77000
516,2002-01-25,4.59,4.635,4.535,4.615,38400
517,2002-01-28,4.72,4.77,4.63,4.7,60000
518,2002-01-29,4.745,4.75,4.55,4.7,103400
519,2002-01-30,4.655,4.815,4.6,4.77,227400
520,2002-01-31,4.74,5.05,4.725,4.93,347800
521,2002-02-01,4.99,5.02,4.93,4.975,186000
522,2002-02-04,5.025,5.065,4.845,4.955,472400
523,2002-02-05,4.98,5.18,4.975,5.06,387200
524,2002-02-06,5.1,5.22,5.005,5.02,429000
525,2002-02-07,5.115,5.125,4.405,4.625,425000
526,2002-02-08,4.565,4.75,4.455,4.72,837000
527,2002-02-11,5.69,5.875,5.35,5.55,6314400
528,2002-02-12,5.53,5.77,5.475,5.675,1189200
529,2002-02-13,5.75,5.75,5.475,5.65,677400
530,2002-02-14,5.665,5.75,5.58,5.65,628400
531,2002-02-15,5.605,5.675,5.565,5.6,439600
532,2002-02-19,5.655,5.715,5.58,5.625,442200
533,2002-02-20,5.675,5.79,5.625,5.775,544000
534,2002-02-21,5.71,5.85,5.685,5.705,444200
535,2002-02-22,5.7,5.745,5.5,5.68,345000
536,2002-02-25,5.625,6.025,5.525,5.83,384200
537,2002-02-26,5.92,6.105,5.85,6.05,340200
538,2002-02-27,6.05,6.1,5.92,6.1,209600
539,2002-02-28,6.0,6.35,5.98,6.35,350600
540,2002-03-01,6.225,6.25,6.075,6.13,147400
541,2002-03-04,6.1,6.25,6.045,6.055,103600
542,2002-03-05,6.0,6.1,6.0,6.06,76800
543,2002-03-06,6.0,6.29,6.0,6.11,317800
544,2002-03-07,6.1,6.1,6.0,6.04,102400
545,2002-03-08,6.04,6.1,5.975,6.1,201000
546,2002-03-11,6.015,6.13,6.015,6.075,91000
547,2002-03-12,6.125,6.125,5.96,6.06,95000
548,2002-03-13,6.025,6.03,5.95,5.995,62000
549,2002-03-14,6.0,6.15,5.95,6.125,69200
550,2002-03-15,6.115,6.165,6.025,6.045,165400
551,2002-03-18,6.05,6.14,5.995,6.14,174200
552,2002-03-19,6.1,6.135,6.01,6.075,294600
553,2002-03-20,6.0,6.51,6.0,6.2,747400
554,2002-03-21,6.225,6.445,6.175,6.44,671600
555,2002-03-22,6.405,6.625,6.3,6.575,294200
556,2002-03-25,6.56,6.675,6.5,6.555,132600
557,2002-03-26,6.505,6.65,6.505,6.615,77800
558,2002-03-27,6.645,6.705,6.56,6.705,289000
559,2002-03-28,6.725,6.85,6.695,6.73,280400
560,2002-04-01,6.755,6.845,6.615,6.785,174600
561,2002-04-02,6.775,6.785,6.53,6.595,337000
562,2002-04-03,6.53,6.65,6.53,6.595,116800
563,2002-04-04,6.55,6.65,6.5,6.595,678000
564,2002-04-05,6.62,6.675,6.525,6.6,341600
565,2002-04-08,6.565,6.57,6.5,6.545,194400
566,2002-04-09,6.54,6.55,6.49,6.5,542200
567,2002-04-10,6.525,6.635,6.405,6.63,366400
568,2002-04-11,6.61,6.65,6.55,6.64,81400
569,2002-04-12,6.655,6.7,6.525,6.57,217600
570,2002-04-15,6.635,6.695,6.57,6.625,97600
571,2002-04-16,6.625,6.75,6.575,6.7,326000
572,2002-04-17,6.625,6.75,6.615,6.64,92800
573,2002-04-18,6.57,6.665,6.37,6.425,511200
574,2002-04-19,6.38,6.545,6.38,6.475,288600
575,2002-04-22,6.5,6.5,6.325,6.455,148000
576,2002-04-23,6.375,6.45,6.375,6.435,173200
577,2002-04-24,6.415,6.425,6.34,6.375,69200
578,2002-04-25,6.375,6.5,6.25,6.26,183600
579,2002-04-26,6.25,6.325,6.115,6.135,399000
580,2002-04-29,6.135,6.17,5.955,6.0,280600
581,2002-04-30,5.96,6.025,5.805,5.995,528600
582,2002-05-01,5.99,6.05,5.805,6.045,152000
583,2002-05-02,6.0,6.04,5.71,5.895,126600
584,2002-05-03,5.88,6.05,5.775,5.975,209000
585,2002-05-06,5.925,5.985,5.855,5.885,45400
586,2002-05-07,5.93,5.93,5.775,5.775,260200
587,2002-05-08,5.8,6.155,5.725,6.09,176800
588,2002-05-09,5.98,6.425,5.97,6.375,420200
589,2002-05-10,6.45,6.45,6.25,6.345,239000
590,2002-05-13,6.335,6.48,6.335,6.475,215000
591,2002-05-14,6.445,6.725,6.445,6.7,243600
592,2002-05-15,6.555,7.0,6.555,6.905,305800
593,2002-05-16,6.905,7.225,6.875,7.075,155200
594,2002-05-17,7.09,7.175,6.915,7.0,867400
595,2002-05-20,7.0,7.095,6.75,6.9,248600
596,2002-05-21,6.8,6.9,6.56,6.665,140800
597,2002-05-22,6.635,6.94,6.555,6.825,133200
598,2002-05-23,7.0,7.405,6.915,7.355,2926400
599,2002-05-24,7.285,7.455,7.25,7.325,1706400
600,2002-05-28,7.435,7.45,7.05,7.45,168800
601,2002-05-29,7.475,7.5,7.17,7.425,336600
602,2002-05-30,7.36,7.37,7.135,7.345,203400
603,2002-05-31,7.355,7.98,7.32,7.655,339400
604,2002-06-03,7.75,7.85,7.215,7.33,314400
605,2002-06-04,7.25,7.435,7.225,7.405,158200
606,2002-06-05,7.345,7.6,7.3,7.465,173400
607,2002-06-06,7.425,7.49,7.325,7.335,206400
608,2002-06-07,7.475,7.475,6.75,7.275,175600
609,2002-06-10,7.255,7.35,7.13,7.35,141400
610,2002-06-11,7.345,7.345,6.85,6.945,136800
611,2002-06-12,6.9,7.1,6.615,6.77,304400
612,2002-06-13,6.755,6.825,6.65,6.755,159600
613,2002-06-14,6.75,6.97,6.65,6.95,175200
614,2002-06-17,6.885,7.175,6.875,7.06,264600
615,2002-06-18,6.875,7.25,6.875,6.975,153800
616,2002-06-19,6.955,7.0,6.75,6.8,385800
617,2002-06-20,6.75,6.785,6.575,6.575,423600
618,2002-06-21,6.545,6.65,6.21,6.255,308400
619,2002-06-24,6.21,6.41,6.05,6.065,391000
620,2002-06-25,6.05,6.25,5.945,5.955,278200
621,2002-06-26,5.91,5.985,5.63,5.75,418800
622,2002-06-27,5.685,6.05,5.63,5.85,401800
623,2002-06-28,6.0,6.35,5.625,6.18,735800
624,2002-07-01,5.95,6.325,5.655,5.655,400400
625,2002-07-02,5.65,5.65,5.125,5.175,374200
626,2002-07-03,5.37,5.535,5.155,5.43,303000
627,2002-07-05,5.545,5.745,5.48,5.625,171200
628,2002-07-08,5.6,5.74,5.58,5.675,515200
629,2002-07-09,5.74,5.795,5.6,5.665,411000
630,2002-07-10,5.675,5.735,5.275,5.36,221800
631,2002-07-11,5.345,5.47,5.255,5.405,269000
632,2002-07-12,5.325,5.65,5.325,5.625,143400
633,2002-07-15,5.625,5.625,5.465,5.575,176200
634,2002-07-16,5.56,5.95,5.475,5.94,258400
635,2002-07-17,5.925,6.16,5.925,6.075,234600
636,2002-07-18,6.115,6.16,5.945,6.0,412400
637,2002-07-19,6.045,6.175,5.675,5.78,115400
638,2002-07-22,5.725,6.0,5.72,5.82,142000
639,2002-07-23,5.87,6.015,5.505,5.505,519200
640,2002-07-24,5.5,5.88,5.45,5.875,1019600
641,2002-07-25,5.875,5.9,5.72,5.82,78000
642,2002-07-26,5.725,5.895,5.725,5.835,120000
643,2002-07-29,5.835,6.2,5.835,6.0,310000
644,2002-07-30,5.87,6.55,5.85,6.03,155000
645,2002-07-31,6.0,6.225,5.6,6.075,569400
646,2002-08-01,6.145,6.25,5.8,6.0,893600
647,2002-08-02,5.975,6.15,5.925,6.05,353200
648,2002-08-05,6.055,6.075,5.605,5.675,245400
649,2002-08-06,5.61,5.955,5.425,5.505,801600
650,2002-08-07,5.495,6.22,5.225,5.43,1382200
651,2002-08-08,5.625,6.745,5.625,6.715,783400
652,2002-08-09,6.425,6.82,6.375,6.805,583800
653,2002-08-12,6.745,6.775,6.365,6.725,592400
654,2002-08-13,6.675,6.755,6.325,6.4,274200
655,2002-08-14,6.33,6.7,5.96,6.55,453600
656,2002-08-15,6.7,6.7,6.42,6.53,245200
657,2002-08-16,6.5,6.79,6.5,6.755,474600
658,2002-08-19,6.705,6.8,6.705,6.8,443000
659,2002-08-20,6.68,6.825,6.6,6.8,147800
660,2002-08-21,6.795,7.265,6.7,7.12,80400
661,2002-08-22,7.245,7.25,7.0,7.025,418200
662,2002-08-23,6.975,7.115,6.785,6.995,290400
663,2002-08-26,7.025,7.25,6.565,7.165,599000
664,2002-08-27,7.225,7.325,7.075,7.095,449000
665,2002-08-28,7.15,7.48,7.12,7.12,275200
666,2002-08-29,7.22,7.515,7.16,7.35,207200
667,2002-08-30,7.425,7.495,7.345,7.35,192400
668,2002-09-03,7.35,7.38,6.945,6.945,257000
669,2002-09-04,7.02,7.395,6.93,7.335,136000
670,2002-09-05,7.33,7.445,7.025,7.05,435000
671,2002-09-06,7.145,7.455,7.14,7.43,135200
672,2002-09-09,7.42,7.425,7.255,7.37,118200
673,2002-09-10,7.415,8.07,7.18,7.965,873400
674,2002-09-11,8.075,8.28,8.0,8.185,327200
675,2002-09-12,8.2,8.2,7.875,7.95,452400
676,2002-09-13,7.92,8.45,7.88,8.25,353800
677,2002-09-16,8.035,8.275,7.975,8.065,303200
678,2002-09-17,8.09,8.215,7.95,7.995,134600
679,2002-09-18,8.0,8.15,7.945,8.01,428600
680,2002-09-19,8.0,8.24,8.0,8.15,436800
681,2002-09-20,8.12,8.64,8.105,8.505,1791000
682,2002-09-23,8.55,8.65,7.995,7.995,719800
683,2002-09-24,8.03,8.05,7.515,7.805,655200
684,2002-09-25,7.95,8.2,7.75,8.17,560000
685,2002-09-26,8.2,8.37,7.79,8.25,408400
686,2002-09-27,8.25,8.275,8.015,8.025,420600
687,2002-09-30,8.025,8.23,8.01,8.225,423600
688,2002-10-01,8.215,8.29,8.075,8.225,321200
689,2002-10-02,8.145,8.275,8.01,8.15,245400
690,2002-10-03,8.01,8.215,7.905,8.13,161200
691,2002-10-04,8.105,8.25,7.865,8.07,160400
692,2002-10-07,8.05,8.245,7.8,7.9,192200
693,2002-10-08,7.925,8.005,7.775,7.9,340600
694,2002-10-09,7.945,7.945,7.305,7.375,398400
695,2002-10-10,7.355,7.365,6.955,6.995,343400
696,2002-10-11,7.05,7.28,6.925,7.1,234400
697,2002-10-14,7.22,7.53,7.1,7.525,237000
698,2002-10-15,7.375,7.74,7.37,7.605,406000
699,2002-10-16,7.48,7.75,7.35,7.55,229600
700,2002-10-17,7.705,7.705,7.44,7.575,126600
701,2002-10-18,7.62,7.625,7.4,7.505,210600
702,2002-10-21,7.545,7.695,7.305,7.62,153600
703,2002-10-22,7.505,7.6,7.14,7.22,284000
704,2002-10-23,7.16,7.25,7.02,7.08,216800
705,2002-10-24,7.095,7.2,6.98,7.13,469200
706,2002-10-25,7.2,7.3,7.15,7.275,187200
707,2002-10-28,7.165,7.63,7.165,7.45,308800
708,2002-10-29,7.75,7.75,7.24,7.55,225400
709,2002-10-30,7.565,7.575,7.45,7.5,243800
710,2002-10-31,7.525,7.75,7.41,7.475,240200
711,2002-11-01,7.505,7.55,7.43,7.5,300200
712,2002-11-04,7.525,7.825,7.525,7.8,591400
713,2002-11-05,7.82,7.95,7.675,7.905,176800
714,2002-11-06,7.945,8.04,7.82,7.95,249200
715,2002-11-07,7.9,8.045,7.75,7.95,368000
716,2002-11-08,7.93,7.975,7.66,7.91,349200
717,2002-11-11,7.9,7.95,7.51,7.675,376600
718,2002-11-12,7.67,8.07,7.67,7.92,389800
719,2002-11-13,7.93,8.03,7.875,7.925,89200
720,2002-11-14,7.955,8.3,7.955,8.23,281800
721,2002-11-15,8.16,8.275,7.96,8.125,237400
722,2002-11-18,8.31,8.475,8.165,8.33,765800
723,2002-11-19,8.25,8.345,8.15,8.215,360400
724,2002-11-20,8.24,8.565,8.155,8.565,319400
725,2002-11-21,8.54,9.12,8.5,8.645,551000
726,2002-11-22,8.55,8.79,8.5,8.51,168200
727,2002-11-25,8.55,8.7,8.33,8.45,290600
728,2002-11-26,8.475,8.475,8.195,8.215,264400
729,2002-11-27,8.22,8.67,8.22,8.67,256000
730,2002-11-29,8.65,8.72,8.495,8.635,69200
731,2002-12-02,8.64,8.75,8.465,8.525,323200
732,2002-12-03,8.525,8.575,8.45,8.54,109600
733,2002-12-04,8.475,8.54,8.385,8.47,99000
734,2002-12-05,8.55,8.665,8.475,8.6,109000
735,2002-12-06,8.59,8.655,8.495,8.64,117400
736,2002-12-09,8.495,8.645,8.47,8.6,190000
737,2002-12-10,8.6,8.61,8.25,8.44,265800
738,2002-12-11,8.385,8.735,8.36,8.735,413800
739,2002-12-12,8.745,9.02,8.555,8.805,652600
740,2002-12-13,8.75,8.795,8.625,8.72,141800
741,2002-12-16,8.765,8.765,8.43,8.495,127400
742,2002-12-17,8.5,8.52,8.195,8.51,173400
743,2002-12-18,8.49,8.895,8.24,8.675,603200
744,2002-12-19,8.66,8.79,8.5,8.665,396600
745,2002-12-20,8.51,8.77,8.44,8.5,299600
746,2002-12-23,8.415,8.66,8.415,8.625,176000
747,2002-12-24,8.55,8.655,8.55,8.59,66600
748,2002-12-26,8.575,8.635,8.445,8.625,138000
749,2002-12-27,8.5,8.565,8.475,8.54,149000
750,2002-12-30,8.5,8.56,8.135,8.425,236600
751,2002-12-31,8.45,8.5,8.25,8.35,353600
752,2003-01-02,8.4,8.65,8.38,8.55,240600
753,2003-01-03,8.575,8.585,8.405,8.525,116200
754,2003-01-06,8.425,8.53,8.3,8.51,160800
755,2003-01-07,8.53,8.545,8.275,8.5,318600
756,2003-01-08,8.455,8.525,8.25,8.255,253600
757,2003-01-09,8.3,8.34,8.025,8.07,450600
758,2003-01-10,8.12,8.12,7.84,7.945,710000
759,2003-01-13,7.92,8.03,7.725,7.775,603000
760,2003-01-14,7.825,8.025,7.735,8.0,852800
761,2003-01-15,8.035,8.33,8.0,8.21,509600
762,2003-01-16,8.2,8.5,8.09,8.29,554800
763,2003-01-17,8.2,8.295,8.1,8.185,198400
764,2003-01-21,8.035,8.095,8.0,8.075,179000
765,2003-01-22,8.09,8.09,7.91,8.03,392000
766,2003-01-23,8.005,8.095,7.775,8.085,421200
767,2003-01-24,8.06,8.06,7.73,7.825,286800
768,2003-01-27,7.83,7.85,7.655,7.78,301000
769,2003-01-28,7.865,7.885,7.75,7.82,150000
770,2003-01-29,7.75,7.865,7.7,7.775,377200
771,2003-01-30,7.7,7.85,7.7,7.75,157400
772,2003-01-31,7.71,7.795,7.665,7.72,194000
773,2003-02-03,7.75,7.785,7.415,7.49,275800
774,2003-02-04,7.45,7.49,7.23,7.35,117600
775,2003-02-05,7.3,7.525,7.3,7.415,171000
776,2003-02-06,7.4,7.495,7.2,7.495,189200
777,2003-02-07,7.48,7.625,7.43,7.5,115800
778,2003-02-10,7.35,7.6,7.25,7.5,99200
779,2003-02-11,7.545,7.565,7.45,7.525,323600
780,2003-02-12,7.46,7.5,7.36,7.385,114000
781,2003-02-13,7.495,7.51,7.33,7.51,255400
782,2003-02-14,7.52,7.65,7.505,7.59,213800
783,2003-02-18,7.56,7.75,7.56,7.725,304200
784,2003-02-19,7.75,7.75,7.675,7.735,106200
785,2003-02-20,7.725,7.75,7.525,7.585,64600
786,2003-02-21,7.605,7.75,7.585,7.7,292400
787,2003-02-24,7.6,7.7,7.545,7.695,764600
788,2003-02-25,7.825,7.905,7.45,7.675,616600
789,2003-02-26,7.64,7.7,7.455,7.645,252400
790,2003-02-27,7.6,7.745,7.585,7.695,202400
791,2003-02-28,7.525,8.0,7.525,7.9,260400
792,2003-03-03,7.945,8.005,7.9,8.005,543200
793,2003-03-04,8.02,8.05,7.965,7.995,335000
794,2003-03-05,7.975,7.975,7.875,7.895,249400
795,2003-03-06,7.89,7.965,7.8,7.9,228600
796,2003-03-07,7.9,7.95,7.855,7.9,297000
797,2003-03-10,7.9,7.9,7.775,7.845,121200
798,2003-03-11,7.82,7.86,7.73,7.83,218200
799,2003-03-12,7.75,7.945,7.75,7.925,305000
800,2003-03-13,7.9,8.175,7.9,8.1,618400
801,2003-03-14,8.11,8.175,8.055,8.085,541800
802,2003-03-17,8.05,8.52,8.05,8.52,520600
803,2003-03-18,8.51,8.54,8.285,8.43,226200
804,2003-03-19,8.425,8.525,8.3,8.45,366000
805,2003-03-20,8.4,8.525,7.985,8.445,316800
806,2003-03-21,8.44,8.66,8.41,8.55,625400
807,2003-03-24,8.535,8.595,8.33,8.48,202000
808,2003-03-25,8.47,8.675,8.47,8.6,215000
809,2003-03-26,8.5,8.635,8.48,8.49,174200
810,2003-03-27,8.665,8.665,8.42,8.575,435600
811,2003-03-28,8.62,8.77,8.57,8.62,325200
812,2003-03-31,8.575,8.75,8.57,8.62,239400
813,2003-04-01,8.575,8.75,8.575,8.62,409200
814,2003-04-02,8.635,8.775,8.575,8.64,331800
815,2003-04-03,8.665,8.875,8.39,8.735,649800
816,2003-04-04,8.7,8.75,8.585,8.585,352400
817,2003-04-07,8.69,8.705,8.38,8.435,283200
818,2003-04-08,8.435,8.62,8.415,8.47,349200
819,2003-04-09,8.4,8.55,8.34,8.395,345800
820,2003-04-10,8.395,8.435,8.325,8.38,321400
821,2003-04-11,8.37,8.5,8.37,8.5,403600
822,2003-04-14,8.495,8.65,8.465,8.525,343000
823,2003-04-15,8.485,8.545,8.455,8.5,223400
824,2003-04-16,8.5,8.575,8.26,8.285,373200
825,2003-04-17,8.385,8.47,8.25,8.46,180800
826,2003-04-21,8.47,8.57,8.47,8.52,287000
827,2003-04-22,8.47,8.61,8.47,8.61,266800
828,2003-04-23,8.52,8.75,8.5,8.675,538400
829,2003-04-24,8.72,8.75,8.52,8.7,567600
830,2003-04-25,8.695,8.705,8.625,8.635,445600
831,2003-04-28,8.64,8.7,8.52,8.575,417800
832,2003-04-29,8.55,8.715,8.545,8.59,391200
833,2003-04-30,8.57,9.085,8.505,8.975,1248800
834,2003-05-01,9.2,9.425,9.1,9.175,1314800
835,2003-05-02,9.25,9.305,9.05,9.175,969200
836,2003-05-05,9.235,9.335,9.185,9.22,736200
837,2003-05-06,9.22,9.345,8.775,8.97,1045400
838,2003-05-07,8.965,9.005,8.805,8.88,511000
839,2003-05-08,8.73,8.905,8.1,8.8,321600
840,2003-05-09,8.84,8.97,8.65,8.93,584600
841,2003-05-12,8.925,9.24,8.845,9.195,655200
842,2003-05-13,9.25,9.52,9.115,9.225,898000
843,2003-05-14,9.265,9.45,9.21,9.43,408800
844,2003-05-15,9.48,9.485,9.38,9.47,474400
845,2003-05-16,9.37,9.5,9.315,9.315,282800
846,2003-05-19,9.385,9.48,9.275,9.275,374200
847,2003-05-20,9.255,9.405,9.11,9.225,366000
848,2003-05-21,9.16,9.5,9.1,9.22,633600
849,2003-05-22,9.175,9.58,9.13,9.465,735400
850,2003-05-23,9.43,9.79,9.375,9.74,723000
851,2003-05-27,9.85,10.285,9.77,10.19,665600
852,2003-05-28,10.215,10.275,9.86,9.98,359400
853,2003-05-29,9.985,10.035,9.8,9.875,396400
854,2003-05-30,9.9,10.06,9.875,10.0,174000
855,2003-06-02,10.0,10.43,9.935,10.23,636000
856,2003-06-03,10.195,10.525,10.195,10.295,353400
857,2003-06-04,10.195,10.505,10.155,10.435,326800
858,2003-06-05,10.425,10.94,10.405,10.85,454400
859,2003-06-06,11.015,11.63,10.6,10.725,975400
860,2003-06-09,10.65,10.885,10.455,10.5,402000
861,2003-06-10,11.04,11.04,10.44,10.6,232400
862,2003-06-11,10.375,10.825,10.375,10.825,597000
863,2003-06-12,10.765,11.2,10.765,11.15,321400
864,2003-06-13,11.225,11.225,10.89,10.93,233600
865,2003-06-16,10.9,11.345,10.895,11.335,315000
866,2003-06-17,11.35,11.75,11.25,11.62,839200
867,2003-06-18,11.735,11.75,11.325,11.465,760200
868,2003-06-19,11.355,11.445,10.425,10.635,715600
869,2003-06-20,10.61,10.76,10.585,10.655,487800
870,2003-06-23,10.7,10.7,10.4,10.44,303200
871,2003-06-24,10.37,10.54,10.365,10.455,445600
872,2003-06-25,10.465,10.715,10.42,10.5,282400
873,2003-06-26,10.64,10.865,10.465,10.73,416600
874,2003-06-27,10.655,10.975,10.655,10.75,447400
875,2003-06-30,10.825,10.925,10.645,10.82,669400
876,2003-07-01,10.77,10.91,10.42,10.47,789800
877,2003-07-02,10.5,10.575,10.375,10.55,438600
878,2003-07-03,10.495,10.705,10.495,10.705,269000
879,2003-07-07,10.715,11.425,10.715,11.27,839200
880,2003-07-08,11.25,11.55,11.205,11.35,525600
881,2003-07-09,11.47,11.655,11.155,11.635,449600
882,2003-07-10,11.47,11.77,11.18,11.65,688600
883,2003-07-11,11.575,11.575,9.95,10.25,3869600
884,2003-07-14,10.525,10.67,10.01,10.2,908800
885,2003-07-15,10.195,10.405,9.955,10.005,328800
886,2003-07-16,9.85,10.145,9.7,9.72,385000
887,2003-07-17,9.74,9.74,9.0,9.15,1386200
888,2003-07-18,9.235,9.325,9.115,9.25,865600
889,2003-07-21,9.25,9.5,9.175,9.425,430800
890,2003-07-22,9.38,9.585,9.38,9.55,1177600
891,2003-07-23,9.595,9.695,9.365,9.52,320400
892,2003-07-24,9.525,9.56,9.35,9.49,293000
893,2003-07-25,9.515,9.675,9.375,9.65,210200
894,2003-07-28,9.6,10.275,9.52,9.6,1020200
895,2003-07-29,9.705,9.99,9.585,9.89,573600
896,2003-07-30,9.93,9.93,9.6,9.67,164600
897,2003-07-31,9.605,9.945,9.6,9.825,947000
898,2003-08-01,9.73,9.835,9.425,9.425,310800
899,2003-08-04,9.45,9.55,9.2,9.33,483000
900,2003-08-05,8.75,9.25,8.65,9.07,1979400
901,2003-08-06,9.03,9.41,9.0,9.3,394600
902,2003-08-07,9.225,9.415,9.225,9.31,201800
903,2003-08-08,9.31,9.7,9.31,9.66,674000
904,2003-08-11,9.575,10.0,9.575,10.0,492400
905,2003-08-12,10.01,10.17,9.95,10.17,445000
906,2003-08-13,10.175,10.175,9.85,9.975,293400
907,2003-08-14,10.05,10.28,9.92,10.28,306400
908,2003-08-15,10.25,10.285,10.075,10.2,151200
909,2003-08-18,10.0,10.55,10.0,10.535,344000
910,2003-08-19,10.575,10.675,10.475,10.615,266000
911,2003-08-20,10.595,10.795,10.55,10.7,339600
912,2003-08-21,10.695,10.95,10.5,10.7,454400
913,2003-08-22,10.75,10.9,10.525,10.545,248800
914,2003-08-25,10.65,10.74,10.49,10.74,402600
915,2003-08-26,10.665,10.9,10.55,10.86,206800
916,2003-08-27,10.75,11.16,10.75,11.16,597000
917,2003-08-28,11.41,11.485,11.16,11.375,507400
918,2003-08-29,11.34,11.62,11.245,11.46,344400
919,2003-09-02,11.52,11.52,11.095,11.36,275800
920,2003-09-03,11.33,11.52,11.0,11.125,532200
921,2003-09-04,11.12,11.57,11.105,11.55,251800
922,2003-09-05,11.55,12.23,11.5,11.63,673800
923,2003-09-08,11.6,12.01,11.575,12.0,302800
924,2003-09-09,12.0,12.155,11.85,12.035,605200
925,2003-09-10,11.995,11.995,11.5,11.55,639000
926,2003-09-11,11.56,11.685,11.45,11.675,183400
927,2003-09-12,11.68,11.83,11.47,11.79,358800
928,2003-09-15,11.665,11.975,11.625,11.71,438000
929,2003-09-16,11.65,12.115,11.65,12.085,356000
930,2003-09-17,11.99,12.495,11.99,12.22,311600
931,2003-09-18,12.31,12.475,12.235,12.32,202800
932,2003-09-19,12.3,12.34,12.2,12.325,320600
933,2003-09-22,12.31,12.36,12.09,12.095,342400
934,2003-09-23,11.15,12.1,10.955,12.075,2506200
935,2003-09-24,12.135,12.155,11.535,11.65,707200
936,2003-09-25,11.58,11.84,11.41,11.475,500200
937,2003-09-26,11.485,11.56,11.25,11.28,580200
938,2003-09-29,11.23,11.325,10.8,11.31,873400
939,2003-09-30,11.235,11.46,11.15,11.295,383600
940,2003-10-01,11.16,11.325,11.01,11.21,644800
941,2003-10-02,11.15,11.37,10.94,11.26,694800
942,2003-10-03,11.4,11.675,11.17,11.265,480200
943,2003-10-06,11.3,11.425,11.125,11.315,554600
944,2003-10-07,11.355,11.37,11.125,11.21,528600
945,2003-10-08,11.29,11.3,10.895,11.05,1031800
946,2003-10-09,11.125,11.38,10.96,11.305,1204600
947,2003-10-10,11.3,11.33,11.05,11.11,554800
948,2003-10-13,11.25,11.3,11.1,11.1,608600
949,2003-10-14,11.1,11.205,10.88,11.0,341200
950,2003-10-15,11.0,11.055,10.625,10.625,296200
951,2003-10-16,10.55,10.62,10.15,10.155,581000
952,2003-10-17,10.135,10.22,9.51,9.875,1307000
953,2003-10-20,9.9,9.97,9.6,9.62,935600
954,2003-10-21,9.605,10.33,9.51,10.29,817800
955,2003-10-22,10.205,10.285,9.625,9.675,716200
956,2003-10-23,9.625,9.915,9.4,9.87,1012600
957,2003-10-24,9.92,9.92,9.57,9.605,538200
958,2003-10-27,9.54,9.835,9.54,9.775,552600
959,2003-10-28,9.79,9.925,9.72,9.92,539600
960,2003-10-29,9.75,9.88,9.27,9.7,2644400
961,2003-10-30,9.845,10.06,9.775,9.925,1372800
962,2003-10-31,10.06,10.165,9.89,10.065,714600
963,2003-11-03,10.165,10.375,10.07,10.09,886200
964,2003-11-04,10.1,10.3,10.09,10.175,467800
965,2003-11-05,10.19,10.28,9.95,10.2,487000
966,2003-11-06,10.035,10.35,9.88,10.03,1876000
967,2003-11-07,9.975,10.375,9.975,10.09,522400
968,2003-11-10,10.035,10.135,9.735,9.76,530600
969,2003-11-11,9.73,9.84,9.5,9.585,503400
970,2003-11-12,9.6,10.11,9.54,10.09,363600
971,2003-11-13,10.105,10.18,9.92,10.125,306000
972,2003-11-14,10.17,10.18,9.47,9.605,555000
973,2003-11-17,9.53,9.53,9.33,9.385,630600
974,2003-11-18,9.43,9.505,9.2,9.2,740200
975,2003-11-19,9.21,9.465,9.125,9.305,537000
976,2003-11-20,9.31,9.61,9.19,9.23,395400
977,2003-11-21,9.235,9.4,9.11,9.145,1055000
978,2003-11-24,9.29,9.35,9.225,9.25,966000
979,2003-11-25,9.28,9.5,9.275,9.39,995800
980,2003-11-26,9.475,9.66,9.425,9.575,321400
981,2003-11-28,9.675,9.675,9.27,9.41,311000
982,2003-12-01,9.375,9.975,9.375,9.83,730200
983,2003-12-02,9.785,10.43,9.705,10.015,1359000
984,2003-12-03,10.105,10.45,10.02,10.04,465400
985,2003-12-04,10.0,10.295,10.0,10.24,479800
986,2003-12-05,10.125,10.325,9.98,10.1,397200
987,2003-12-08,9.95,10.5,9.95,10.38,600600
988,2003-12-09,10.445,10.465,10.0,10.075,305600
989,2003-12-10,10.23,10.28,9.97,10.245,391800
990,2003-12-11,10.115,10.72,10.115,10.47,750600
991,2003-12-12,10.485,10.575,10.34,10.575,303800
992,2003-12-15,10.6,10.75,10.13,10.255,425800
993,2003-12-16,10.135,10.465,10.08,10.4,712800
994,2003-12-17,10.4,10.855,10.335,10.78,1440000
995,2003-12-18,10.77,11.7,10.77,11.3,2802000
996,2003-12-19,11.47,11.75,11.18,11.6,1199000
997,2003-12-22,11.475,11.685,11.41,11.54,309000
998,2003-12-23,11.52,11.695,11.395,11.655,375000
999,2003-12-24,11.5,11.645,11.5,11.5,151800
1000,2003-12-26,11.5,11.75,11.495,11.61,182200
1001,2003-12-29,11.505,12.0,11.505,11.745,297200
1002,2003-12-30,11.705,11.86,11.565,11.69,181000
1003,2003-12-31,11.74,11.785,11.475,11.475,542600
1004,2004-01-02,11.75,11.965,11.67,11.74,264800
1005,2004-01-05,11.75,11.925,11.66,11.705,376800
1006,2004-01-06,11.69,11.695,11.425,11.425,1276600
1007,2004-01-07,11.5,11.675,11.41,11.615,1462200
1008,2004-01-08,11.585,11.625,11.425,11.5,1260600
1009,2004-01-09,11.495,11.79,11.465,11.545,743200
1010,2004-01-12,11.565,11.7,11.48,11.695,350200
1011,2004-01-13,11.715,11.715,11.375,11.665,558400
1012,2004-01-14,11.755,11.975,11.4,11.59,540800
1013,2004-01-15,11.555,11.635,11.38,11.55,429800
1014,2004-01-16,11.43,11.635,11.39,11.4,721000
1015,2004-01-20,11.42,11.5,11.31,11.4,1680200
1016,2004-01-21,11.32,11.4,11.17,11.375,663600
1017,2004-01-22,11.4,12.165,11.395,11.885,1602000
1018,2004-01-23,11.9,12.585,11.83,12.125,1243400
1019,2004-01-26,11.4,11.75,11.15,11.695,4392200
1020,2004-01-27,11.65,11.77,11.19,11.315,1184600
1021,2004-01-28,11.25,11.47,10.94,10.945,623600
1022,2004-01-29,10.95,11.385,10.51,10.69,1165600
1023,2004-01-30,10.7,10.83,10.425,10.425,797200
1024,2004-02-02,10.685,11.22,10.525,11.195,916000
1025,2004-02-03,11.225,11.52,11.04,11.235,808200
1026,2004-02-04,11.22,11.25,10.84,10.9,775600
1027,2004-02-05,10.875,10.94,10.5,10.5,858200
1028,2004-02-06,10.58,11.06,10.555,10.825,449200
1029,2004-02-09,10.875,10.92,10.785,10.895,697600
1030,2004-02-10,10.985,11.175,10.875,11.175,336400
1031,2004-02-11,11.09,11.27,11.07,11.255,178400
1032,2004-02-12,11.2,11.27,10.985,10.985,460000
1033,2004-02-13,10.98,11.05,10.775,10.83,212800
1034,2004-02-17,10.79,10.955,10.74,10.815,346000
1035,2004-02-18,10.875,11.05,10.675,10.77,378600
1036,2004-02-19,10.76,10.775,10.475,10.705,702600
1037,2004-02-20,10.705,10.705,10.51,10.545,586600
1038,2004-02-23,10.575,10.575,10.255,10.255,668800
1039,2004-02-24,10.63,10.725,10.36,10.625,771600
1040,2004-02-25,10.6,10.625,10.44,10.555,308600
1041,2004-02-26,10.525,10.615,10.325,10.545,305400
1042,2004-02-27,10.525,10.63,10.275,10.6,557200
1043,2004-03-01,10.6,10.725,10.315,10.53,374800
1044,2004-03-02,10.445,10.87,10.4,10.8,460800
1045,2004-03-03,10.9,11.12,10.75,11.12,442800
1046,2004-03-04,10.965,11.345,10.86,11.3,506600
1047,2004-03-05,11.335,11.775,11.26,11.66,907200
1048,2004-03-08,11.725,11.765,11.62,11.625,1015600
1049,2004-03-09,11.625,11.69,11.565,11.65,1171600
1050,2004-03-10,11.655,11.86,11.61,11.625,577000
1051,2004-03-11,11.625,12.12,11.62,11.72,830600
1052,2004-03-12,11.7,12.12,11.645,12.085,465600
1053,2004-03-15,12.125,12.125,11.61,11.625,264200
1054,2004-03-16,11.7,11.81,11.605,11.755,519600
1055,2004-03-17,11.84,11.925,11.765,11.825,521600
1056,2004-03-18,11.775,12.005,11.75,11.925,675400
1057,2004-03-19,12.0,12.125,11.88,12.125,856400
1058,2004-03-22,12.0,12.02,11.47,11.6,649200
1059,2004-03-23,11.7,11.75,11.43,11.53,571200
1060,2004-03-24,11.55,11.75,11.41,11.6,335000
1061,2004-03-25,11.6,11.94,11.575,11.8,328800
1062,2004-03-26,11.8,11.825,11.665,11.72,768200
1063,2004-03-29,11.81,12.045,11.755,12.02,983400
1064,2004-03-30,12.025,12.15,11.945,12.1,173400
1065,2004-03-31,12.135,12.335,11.62,11.915,2085400
1066,2004-04-01,11.95,11.95,11.65,11.86,595800
1067,2004-04-02,11.92,12.35,11.915,12.07,644000
1068,2004-04-05,11.97,12.41,11.96,12.31,488400
1069,2004-04-06,12.305,12.315,12.13,12.25,388800
1070,2004-04-07,12.25,12.275,11.975,11.975,850200
1071,2004-04-08,12.05,12.105,11.85,11.875,357200
1072,2004-04-12,11.855,11.95,11.85,11.95,654200
1073,2004-04-13,11.98,12.05,11.465,11.525,583400
1074,2004-04-14,11.475,11.695,11.29,11.355,375400
1075,2004-04-15,11.32,11.53,11.185,11.38,569000
1076,2004-04-16,11.375,11.585,11.265,11.38,290400
1077,2004-04-19,11.37,11.52,11.315,11.51,424600
1078,2004-04-20,11.465,11.595,11.23,11.3,375400
1079,2004-04-21,11.29,11.55,11.185,11.48,390400
1080,2004-04-22,11.505,11.785,11.42,11.68,1017600
1081,2004-04-23,11.71,11.89,11.515,11.87,622400
1082,2004-04-26,11.9,12.295,11.86,12.2,923600
1083,2004-04-27,12.215,13.34,12.145,12.885,2149800
1084,2004-04-28,12.9,12.9,12.52,12.575,867200
1085,2004-04-29,12.62,12.785,12.45,12.56,379200
1086,2004-04-30,12.625,12.73,12.215,12.31,790800
1087,2004-05-03,12.31,12.975,12.22,12.805,1318000
1088,2004-05-04,12.76,12.87,12.655,12.73,1628800
1089,2004-05-05,12.8,13.025,12.625,12.965,772200
1090,2004-05-06,12.625,12.75,12.29,12.5,2227000
1091,2004-05-07,12.35,12.505,12.14,12.24,2463000
1092,2004-05-10,12.37,12.37,11.785,11.915,1022000
1093,2004-05-11,11.91,12.295,11.91,12.19,919400
1094,2004-05-12,12.165,12.22,11.665,12.06,621800
1095,2004-05-13,12.11,12.255,11.925,11.995,389600
1096,2004-05-14,11.92,12.125,11.77,11.87,204400
1097,2004-05-17,11.81,11.895,11.625,11.655,411800
1098,2004-05-18,11.695,11.895,11.54,11.885,291000
1099,2004-05-19,11.83,12.185,11.445,11.495,577800
1100,2004-05-20,11.565,12.0,11.27,11.765,817600
1101,2004-05-21,11.835,12.1,11.8,11.98,1111000
1102,2004-05-24,12.2,12.435,11.615,11.66,958800
1103,2004-05-25,11.62,11.76,11.5,11.685,1290600
1104,2004-05-26,11.7,12.065,11.665,12.03,965600
1105,2004-05-27,12.06,12.12,11.625,11.935,388000
1106,2004-05-28,11.87,11.87,11.705,11.83,399800
1107,2004-06-01,11.91,12.23,11.815,12.155,733600
1108,2004-06-02,12.11,12.25,11.995,12.105,325400
1109,2004-06-03,12.0,12.18,11.83,12.025,482400
1110,2004-06-04,12.09,12.21,11.84,11.92,307600
1111,2004-06-07,12.0,12.0,11.8,11.945,236000
1112,2004-06-08,11.835,12.055,11.755,11.765,240200
1113,2004-06-09,11.73,11.815,11.41,11.485,521200
1114,2004-06-10,11.57,11.575,10.955,11.17,1013000
1115,2004-06-14,11.115,11.35,11.05,11.135,280800
1116,2004-06-15,11.135,11.395,11.08,11.35,256800
1117,2004-06-16,11.305,11.735,11.215,11.73,369000
1118,2004-06-17,11.64,12.005,11.625,11.935,727400
1119,2004-06-18,11.945,12.015,11.72,11.75,674800
1120,2004-06-21,11.85,11.925,11.725,11.74,191000
1121,2004-06-22,11.72,11.935,11.67,11.81,356800
1122,2004-06-23,11.705,12.23,11.665,12.115,377800
1123,2004-06-24,12.04,12.45,12.01,12.265,542600
1124,2004-06-25,12.15,12.65,12.15,12.64,522200
1125,2004-06-28,12.46,12.64,12.25,12.5,418400
1126,2004-06-29,12.48,12.695,12.48,12.675,574800
1127,2004-06-30,12.6,12.915,12.6,12.825,321000
1128,2004-07-01,12.775,13.06,12.69,12.8,706800
1129,2004-07-02,12.7,12.84,12.7,12.775,303400
1130,2004-07-06,12.7,12.715,12.405,12.44,166200
1131,2004-07-07,12.535,12.65,12.35,12.475,130400
1132,2004-07-08,12.38,12.55,12.245,12.275,299400
1133,2004-07-09,12.3,12.435,12.1,12.145,275600
1134,2004-07-12,12.13,12.4,12.055,12.28,331400
1135,2004-07-13,12.3,12.525,12.28,12.365,200800
1136,2004-07-14,12.42,12.78,12.37,12.515,477200
1137,2004-07-15,12.28,12.7,12.125,12.495,379800
1138,2004-07-16,12.54,12.665,12.4,12.5,442200
1139,2004-07-19,12.485,12.565,11.945,12.135,460400
1140,2004-07-20,12.28,12.61,12.125,12.515,425800
1141,2004-07-21,12.595,12.595,11.68,11.725,520800
1142,2004-07-22,11.675,11.955,11.43,11.94,1562600
1143,2004-07-23,11.82,12.025,11.68,11.735,232600
1144,2004-07-26,11.725,11.81,11.45,11.575,368800
1145,2004-07-27,11.55,11.985,11.48,11.785,827200
1146,2004-07-28,11.75,11.97,11.43,11.78,457000
1147,2004-07-29,11.875,11.965,11.675,11.94,185800
1148,2004-07-30,11.875,12.425,11.875,12.38,418400
1149,2004-08-02,12.305,12.445,12.02,12.02,237000
1150,2004-08-03,13.25,14.3,13.0,14.025,7135000
1151,2004-08-04,13.915,15.5,13.775,15.15,5016800
1152,2004-08-05,14.92,15.4,14.695,15.125,2425400
1153,2004-08-06,14.95,15.075,14.71,14.92,1722000
1154,2004-08-09,14.945,15.045,14.335,14.465,1168200
1155,2004-08-10,14.525,14.775,14.055,14.315,1645800
1156,2004-08-11,14.155,14.455,13.895,14.005,3295800
1157,2004-08-12,13.905,14.61,13.875,14.055,952000
1158,2004-08-13,14.145,14.56,14.135,14.27,1023000
1159,2004-08-16,14.165,14.75,14.165,14.55,813400
1160,2004-08-17,14.645,15.0,14.615,14.765,811800
1161,2004-08-18,14.755,15.17,14.69,15.115,769000
1162,2004-08-19,15.06,15.325,14.95,15.185,601000
1163,2004-08-20,15.225,15.435,15.05,15.435,533400
1164,2004-08-23,15.44,15.83,15.225,15.74,1056200
1165,2004-08-24,15.755,16.030001,15.675,15.935,784400
1166,2004-08-25,15.97,16.0,15.46,16.0,693400
1167,2004-08-26,16.0,16.0,15.64,15.74,654000
1168,2004-08-27,15.81,16.16,15.79,15.995,820600
1169,2004-08-30,15.6,15.655,14.835,14.925,2246000
1170,2004-08-31,14.925,14.95,14.585,14.855,1375600
1171,2004-09-01,14.8,15.5,14.67,15.255,1339200
1172,2004-09-02,14.95,15.53,14.83,15.395,1635800
1173,2004-09-03,15.36,15.535,15.25,15.385,267000
1174,2004-09-07,15.38,15.555,15.125,15.365,846600
1175,2004-09-08,15.39,15.45,15.235,15.375,674800
1176,2004-09-09,15.395,15.44,15.01,15.275,632200
1177,2004-09-10,15.22,15.85,15.17,15.77,737800
1178,2004-09-13,15.805,16.075001,15.675,15.98,638000
1179,2004-09-14,16.389999,16.459999,15.925,16.08,754400
1180,2004-09-15,16.105,16.475,16.049999,16.43,685800
1181,2004-09-16,16.5,16.65,16.424999,16.514999,745800
1182,2004-09-17,16.725,16.785,16.445,16.51,542600
1183,2004-09-20,16.735001,17.025,16.65,16.955,1092400
1184,2004-09-21,16.924999,17.16,16.870001,17.059999,417000
1185,2004-09-22,17.035,17.059999,16.389999,16.43,578000
1186,2004-09-23,16.379999,16.6,16.275,16.450001,276600
1187,2004-09-24,16.440001,16.655001,16.415001,16.51,181200
1188,2004-09-27,16.535,16.575001,16.139999,16.27,603200
1189,2004-09-28,16.33,16.965,16.24,16.959999,475800
1190,2004-09-29,16.870001,17.309999,16.610001,17.299999,833000
1191,2004-09-30,17.275,17.545,17.200001,17.465,650000
1192,2004-10-01,17.440001,17.780001,17.440001,17.695,712800
1193,2004-10-04,17.74,17.875,17.584999,17.59,1058000
1194,2004-10-05,17.629999,17.629999,17.235001,17.395,1113000
1195,2004-10-06,17.309999,17.360001,16.290001,17.004999,2353000
1196,2004-10-07,16.799999,16.9,16.254999,16.275,923000
1197,2004-10-08,16.24,16.799999,16.24,16.299999,1144400
1198,2004-10-11,16.424999,16.995001,16.285,16.955,985000
1199,2004-10-12,16.85,16.9,16.344999,16.57,950600
1200,2004-10-13,16.639999,16.870001,16.43,16.549999,749200
1201,2004-10-14,16.709999,16.795,16.469999,16.629999,639800
1202,2004-10-15,16.655001,16.799999,16.395,16.719999,1085200
1203,2004-10-18,16.5,16.575001,16.25,16.344999,1021200
1204,2004-10-19,16.4,16.450001,15.935,16.02,794000
1205,2004-10-20,15.99,16.264999,15.945,16.225,295200
1206,2004-10-21,16.1,16.245001,15.91,16.215,312800
1207,2004-10-22,16.209999,16.209999,15.905,15.945,621000
1208,2004-10-25,15.89,15.91,14.495,14.5,2746000
1209,2004-10-26,14.745,15.17,14.14,14.745,2384800
1210,2004-10-27,14.815,15.82,14.81,15.675,2679200
1211,2004-10-28,15.745,15.79,15.44,15.725,1059000
1212,2004-10-29,15.69,15.795,15.4,15.63,617400
1213,2004-11-01,15.69,15.95,15.445,15.555,897400
1214,2004-11-02,15.64,16.325001,15.515,15.665,2151600
1215,2004-11-03,16.325001,17.225,16.254999,16.945,4373000
1216,2004-11-04,16.995001,17.610001,16.92,17.42,2236600
1217,2004-11-05,17.43,17.875,17.405001,17.754999,1508400
1218,2004-11-08,17.65,18.120001,17.52,17.85,1316600
1219,2004-11-09,17.809999,18.34,17.775,18.139999,1558400
1220,2004-11-10,17.959999,18.514999,17.959999,18.200001,1790600
1221,2004-11-11,18.145,19.02,18.01,18.495001,1854000
1222,2004-11-12,18.5,18.6,18.219999,18.485001,747600
1223,2004-11-15,18.555,18.565001,18.219999,18.415001,937400
1224,2004-11-16,18.285,18.655001,18.25,18.434999,828400
1225,2004-11-17,18.450001,18.695,18.08,18.264999,657600
1226,2004-11-18,18.375,18.575001,18.07,18.16,1114200
1227,2004-11-19,18.200001,18.41,17.5,17.555,1586400
1228,2004-11-22,17.58,17.795,17.325001,17.785,1846000
1229,2004-11-23,17.790001,17.860001,17.549999,17.665001,1622000
1230,2004-11-24,17.625,22.190001,17.625,20.77,11741200
1231,2004-11-26,21.924999,23.219999,21.85,22.754999,7866200
1232,2004-11-29,23.625,23.625,21.555,21.975,4930400
1233,2004-11-30,21.889999,22.475,21.440001,22.004999,1455000
1234,2004-12-01,21.940001,22.549999,21.879999,22.27,1627000
1235,2004-12-02,22.190001,22.5,22.15,22.455,745000
1236,2004-12-03,22.450001,22.85,22.325001,22.5,782800
1237,2004-12-06,22.5,22.5,21.725,21.924999,694200
1238,2004-12-07,21.950001,22.004999,21.025,21.1,1049600
1239,2004-12-08,21.035,21.155001,20.725,21.105,1124400
1240,2004-12-09,20.885,21.799999,20.77,21.389999,2302600
1241,2004-12-10,21.299999,21.575001,21.299999,21.48,873600
1242,2004-12-13,21.5,21.875,21.405001,21.85,505800
1243,2004-12-14,21.85,22.690001,21.85,22.475,1989800
1244,2004-12-15,22.549999,22.605,22.295,22.370001,1074400
1245,2004-12-16,22.434999,22.545,22.030001,22.15,955000
1246,2004-12-17,22.209999,22.535,22.195,22.370001,855800
1247,2004-12-20,22.495001,22.605,22.184999,22.33,645800
1248,2004-12-21,22.495001,22.844999,22.065001,22.245001,611400
1249,2004-12-22,22.125,22.725,22.110001,22.620001,581400
1250,2004-12-23,22.635,22.645,22.365,22.469999,352200
1251,2004-12-27,22.475,22.709999,22.475,22.48,1133800
1252,2004-12-28,22.68,23.475,22.365,23.365,1346400
1253,2004-12-29,23.275,23.799999,22.959999,23.195,1228600
1254,2004-12-30,22.424999,22.945,22.35,22.825001,582400
1255,2004-12-31,22.754999,22.92,22.514999,22.575001,377000
1256,2005-01-03,22.799999,22.799999,21.745001,22.025,1097200
1257,2005-01-04,22.045,22.254999,20.969999,21.200001,1335800
1258,2005-01-05,21.049999,21.700001,20.924999,21.365,744800
1259,2005-01-06,21.305,21.84,21.174999,21.690001,662200
1260,2005-01-07,21.690001,22.0,21.280001,21.280001,937800
1261,2005-01-10,21.25,21.775,21.205,21.280001,740000
1262,2005-01-11,21.365,21.375,20.525,20.684999,1022200
1263,2005-01-12,20.549999,20.75,20.379999,20.695,1656800
1264,2005-01-13,20.9,21.254999,20.65,20.969999,930200
1265,2005-01-14,20.92,21.35,20.9,21.264999,654400
1266,2005-01-18,21.370001,22.045,21.209999,21.959999,819000
1267,2005-01-19,22.190001,22.57,22.025,22.325001,1450600
1268,2005-01-20,22.559999,22.565001,21.65,21.799999,1114400
1269,2005-01-21,21.725,22.025,21.655001,21.775,711600
1270,2005-01-24,21.705,21.815001,21.125,21.280001,1455600
1271,2005-01-25,21.225,21.5,20.959999,21.084999,1505600
1272,2005-01-26,20.985001,21.355,20.985001,21.215,733200
1273,2005-01-27,20.945,21.52,20.945,21.370001,1006600
1274,2005-01-28,21.545,21.549999,21.059999,21.25,867800
1275,2005-01-31,21.385,21.575001,21.264999,21.334999,1261000
1276,2005-02-01,21.475,22.280001,21.43,22.174999,1211600
1277,2005-02-02,22.059999,22.469999,22.049999,22.309999,657200
1278,2005-02-03,22.35,22.684999,22.35,22.684999,1053600
1279,2005-02-04,22.700001,22.950001,22.575001,22.91,1072600
1280,2005-02-07,22.955,22.955,22.469999,22.485001,745800
1281,2005-02-08,22.625,22.975,22.389999,22.860001,801000
1282,2005-02-09,22.875,22.995001,22.27,22.285,739600
1283,2005-02-10,22.25,22.475,22.004999,22.285,668600
1284,2005-02-11,22.155001,22.155001,21.200001,21.85,2192000
1285,2005-02-14,21.965,22.09,21.535,21.995001,627600
1286,2005-02-15,21.965,22.295,21.93,22.145,626600
1287,2005-02-16,22.084999,22.215,21.99,22.16,403000
1288,2005-02-17,22.09,22.370001,21.895,22.275,503200
1289,2005-02-18,22.325001,22.485001,22.235001,22.434999,681400
1290,2005-02-22,22.825001,23.025,21.045,21.565001,1627000
1291,2005-02-23,21.625,22.450001,21.625,22.344999,626600
1292,2005-02-24,22.344999,22.705,22.055,22.705,496800
1293,2005-02-25,22.725,22.945,22.4,22.84,274200
1294,2005-02-28,22.9,22.9,22.370001,22.715,455200
1295,2005-03-01,22.684999,22.85,22.285,22.395,603800
1296,2005-03-02,22.4,22.795,22.365,22.459999,495200
1297,2005-03-03,22.434999,22.525,21.879999,21.975,625000
1298,2005-03-04,21.985001,22.075001,21.405001,21.745001,1100400
1299,2005-03-07,21.695,22.049999,21.695,21.945,573800
1300,2005-03-08,21.924999,22.23,21.924999,22.155001,803200
1301,2005-03-09,22.01,22.219999,21.795,22.084999,998600
1302,2005-03-10,22.084999,22.174999,21.475,21.635,715800
1303,2005-03-11,21.545,21.66,21.15,21.219999,764600
1304,2005-03-14,21.315001,21.785,21.165001,21.695,673600
1305,2005-03-15,21.780001,22.110001,21.485001,21.6,666800
1306,2005-03-16,21.52,21.84,21.434999,21.535,493200
1307,2005-03-17,21.424999,21.674999,21.315001,21.565001,503800
1308,2005-03-18,21.639999,21.690001,21.115,21.424999,960800
1309,2005-03-21,21.5,21.625,21.434999,21.58,427600
1310,2005-03-22,21.59,22.215,21.540001,21.545,708400
1311,2005-03-23,21.299999,22.125,21.299999,21.98,628400
1312,2005-03-24,21.870001,22.475,21.870001,22.025,807600
1313,2005-03-28,22.075001,22.225,22.004999,22.200001,754600
1314,2005-03-29,22.135,22.674999,22.004999,22.285,1359800
1315,2005-03-30,22.334999,22.535,22.075001,22.43,657200
1316,2005-03-31,22.405001,23.059999,22.299999,22.85,1060400
1317,2005-04-01,22.85,22.875,22.045,22.565001,1054400
1318,2005-04-04,22.594999,22.594999,21.92,22.105,524800
1319,2005-04-05,22.084999,22.65,22.014999,22.51,446600
1320,2005-04-06,22.594999,22.74,22.355,22.565001,486600
1321,2005-04-07,22.57,23.700001,22.375,23.15,1300800
1322,2005-04-08,23.264999,23.365,22.620001,22.754999,556600
1323,2005-04-11,22.68,22.870001,22.434999,22.870001,309800
1324,2005-04-12,22.68,23.77,22.475,23.745001,1160200
1325,2005-04-13,23.92,24.115,23.495001,23.67,933000
1326,2005-04-14,23.764999,23.764999,23.375,23.434999,653000
1327,2005-04-15,23.25,23.25,22.43,23.129999,1139800
1328,2005-04-18,23.025,23.700001,23.004999,23.51,969400
1329,2005-04-19,23.51,24.504999,23.51,24.299999,2408400
1330,2005-04-20,24.344999,24.955,24.18,24.83,1400200
1331,2005-04-21,24.950001,25.985001,24.77,25.684999,1605400
1332,2005-04-22,25.565001,25.690001,25.125,25.365,1312200
1333,2005-04-25,25.25,26.0,25.225,25.955,904800
1334,2005-04-26,25.875,26.459999,25.700001,26.084999,1250600
1335,2005-04-27,26.07,26.075001,25.379999,25.450001,737200
1336,2005-04-28,25.545,25.545,24.43,24.504999,969800
1337,2005-04-29,24.799999,24.799999,23.92,23.995001,1411800
1338,2005-05-02,24.225,24.870001,24.115,24.860001,1108000
1339,2005-05-03,24.0,25.83,23.799999,25.615,2082200
1340,2005-05-04,25.549999,26.665001,25.549999,26.33,771200
1341,2005-05-05,26.465,27.174999,26.15,27.165001,1083400
1342,2005-05-06,27.275,27.275,26.525,26.799999,1007200
1343,2005-05-09,26.799999,27.195,26.434999,27.145,710400
1344,2005-05-10,27.115,27.139999,26.799999,27.139999,1271600
1345,2005-05-11,27.004999,27.209999,26.584999,27.1,687000
1346,2005-05-12,27.0,27.375,26.93,27.365,1071800
1347,2005-05-13,27.385,27.875,26.525,26.940001,782600
1348,2005-05-16,26.889999,27.795,26.66,27.790001,663600
1349,2005-05-17,27.6,28.01,27.35,28.0,609000
1350,2005-05-18,28.0,28.825001,27.895,28.549999,1114600
1351,2005-05-19,28.5,28.725,28.1,28.16,865000
1352,2005-05-20,28.280001,28.33,27.815001,27.91,874400
1353,2005-05-23,27.98,28.190001,27.805,27.9,744200
1354,2005-05-24,27.950001,27.955,26.379999,26.690001,2657200
1355,2005-05-25,26.549999,26.549999,25.02,25.815001,4040400
1356,2005-05-26,25.775,26.290001,25.594999,25.98,1335200
1357,2005-05-27,25.049999,25.469999,24.184999,24.405001,3912200
1358,2005-05-31,24.365,25.145,24.295,24.98,1975000
1359,2005-06-01,25.09,25.59,25.0,25.155001,1363600
1360,2005-06-02,25.5,25.535,25.15,25.25,730200
1361,2005-06-03,25.34,25.469999,24.25,24.565001,1387200
1362,2005-06-06,24.379999,24.83,23.73,23.975,1507000
1363,2005-06-07,23.975,24.4,23.6,23.65,807600
1364,2005-06-08,23.65,24.055,23.385,23.75,1235000
1365,2005-06-09,23.665001,24.485001,23.504999,24.110001,1097600
1366,2005-06-10,24.205,24.684999,24.1,24.5,834600
1367,2005-06-13,24.525,24.959999,24.465,24.74,1052200
1368,2005-06-14,24.799999,24.799999,24.275,24.59,337000
1369,2005-06-15,24.59,24.879999,24.43,24.870001,325200
1370,2005-06-16,24.924999,25.174999,24.76,25.055,538800
1371,2005-06-17,24.93,25.209999,24.879999,24.965,937000
1372,2005-06-20,25.0,25.135,24.764999,24.9,324400
1373,2005-06-21,24.924999,25.0,24.665001,24.795,513600
1374,2005-06-22,24.82,25.08,24.555,24.795,285200
1375,2005-06-23,24.74,24.965,24.445,24.445,396800
1376,2005-06-24,24.424999,24.625,24.26,24.6,421200
1377,2005-06-27,24.65,24.690001,23.975,24.084999,543000
1378,2005-06-28,24.0,24.545,23.674999,24.5,646600
1379,2005-06-29,24.514999,24.725,24.094999,24.389999,668200
1380,2005-06-30,24.459999,24.459999,24.014999,24.1,402600
1381,2005-07-01,24.15,24.17,23.865,24.030001,279800
1382,2005-07-05,23.844999,25.075001,23.844999,25.0,919600
1383,2005-07-06,24.99,25.165001,24.674999,24.76,420600
1384,2005-07-07,24.645,25.735001,24.334999,25.674999,882600
1385,2005-07-08,25.709999,26.950001,25.66,26.705,1054000
1386,2005-07-11,26.74,26.809999,26.225,26.620001,367000
1387,2005-07-12,26.58,26.975,26.545,26.82,520000
1388,2005-07-13,26.834999,26.834999,26.055,26.25,522400
1389,2005-07-14,26.415001,26.445,26.084999,26.25,254800
1390,2005-07-15,26.129999,26.610001,26.059999,26.469999,372600
1391,2005-07-18,26.504999,26.535,26.190001,26.264999,398000
1392,2005-07-19,26.344999,26.51,26.08,26.379999,281600
1393,2005-07-20,26.33,27.325001,26.285,27.16,1176000
1394,2005-07-21,27.200001,27.754999,26.52,27.49,869000
1395,2005-07-22,27.49,27.655001,26.665001,27.0,725800
1396,2005-07-25,27.08,27.15,26.545,26.655001,572600
1397,2005-07-26,26.665001,26.709999,25.549999,25.6,1230600
1398,2005-07-27,25.645,25.815001,24.855,25.040001,1251000
1399,2005-07-28,25.205,26.035,25.129999,26.030001,952400
1400,2005-07-29,26.040001,26.695,25.879999,26.674999,1236000
1401,2005-08-01,26.674999,27.225,26.545,27.025,829800
1402,2005-08-02,31.1,34.490002,30.85,34.134998,14091800
1403,2005-08-03,34.150002,34.965,33.075001,34.875,5730200
1404,2005-08-04,34.695,34.875,33.764999,34.445,3212600
1405,2005-08-05,34.5,34.744999,32.93,33.384998,1882200
1406,2005-08-08,33.049999,33.66,31.924999,32.355,1833400
1407,2005-08-09,32.334999,33.215,32.294998,33.145,951200
1408,2005-08-10,33.290001,33.630001,32.75,32.990002,1604800
1409,2005-08-11,33.0,33.724998,32.435001,33.560001,1356600
1410,2005-08-12,33.435001,34.275002,33.32,33.855,676000
1411,2005-08-15,33.98,34.584999,33.625,34.25,929800
1412,2005-08-16,34.145,35.75,34.025002,34.900002,3392800
1413,2005-08-17,34.790001,35.395,34.665001,34.93,966000
1414,2005-08-18,34.75,35.465,34.360001,34.924999,1025200
1415,2005-08-19,34.700001,35.759998,34.669998,34.950001,911600
1416,2005-08-22,35.264999,36.064999,34.904999,35.68,1125600
1417,2005-08-23,35.830002,36.314999,34.744999,35.255001,713800
1418,2005-08-24,35.084999,35.755001,34.630001,34.994999,544800
1419,2005-08-25,35.099998,35.509998,34.884998,35.375,304000
1420,2005-08-26,35.384998,35.485001,34.294998,34.759998,624800
1421,2005-08-29,34.599998,35.110001,34.375,34.935001,515800
1422,2005-08-30,34.865002,35.419998,34.325001,34.965,740800
1423,2005-08-31,35.009998,35.355,34.599998,35.105,720000
1424,2005-09-01,35.105,35.73,34.505001,34.98,808200
1425,2005-09-02,34.98,35.23,34.375,34.564999,341800
1426,2005-09-06,34.639999,35.299999,34.349998,34.990002,513600
1427,2005-09-07,34.935001,36.16,34.52,35.724998,667800
1428,2005-09-08,35.705002,36.25,34.630001,34.924999,832000
1429,2005-09-09,35.855,37.080002,35.0,36.950001,1533400
1430,2005-09-12,37.125,37.404999,36.25,36.459999,764600
1431,2005-09-13,36.355,36.549999,35.674999,36.27,666200
1432,2005-09-14,36.400002,36.490002,35.549999,35.720001,562200
1433,2005-09-15,35.68,36.25,35.115002,35.5,548800
1434,2005-09-16,35.68,35.779999,35.099998,35.5,515400
1435,2005-09-19,35.544998,36.119999,35.009998,35.080002,423000
1436,2005-09-20,35.695,35.695,34.470001,34.549999,463600
1437,2005-09-21,34.450001,34.91,34.099998,34.325001,660200
1438,2005-09-22,34.200001,34.799999,33.290001,34.630001,558000
1439,2005-09-23,34.544998,35.049999,34.0,34.82,336400
1440,2005-09-26,35.029999,35.285,34.43,35.055,362000
1441,2005-09-27,35.099998,35.549999,33.834999,34.544998,617400
1442,2005-09-28,34.514999,34.875,34.215,34.509998,535200
1443,2005-09-29,34.474998,34.605,33.805,34.25,671000
1444,2005-09-30,34.174999,35.105,33.950001,34.900002,547000
1445,2005-10-03,34.935001,35.59,34.685001,35.264999,861800
1446,2005-10-04,35.080002,35.75,34.285,34.59,795000
1447,2005-10-05,34.584999,34.790001,33.875,34.02,790400
1448,2005-10-06,33.955002,34.325001,31.275,31.535,2081400
1449,2005-10-07,31.01,31.82,30.575001,31.395,2077000
1450,2005-10-10,31.33,32.540001,29.82,31.049999,2570800
1451,2005-10-11,31.135,32.080002,31.135,31.285,1293000
1452,2005-10-12,31.4,31.59,30.014999,30.23,1376800
1453,2005-10-13,30.01,31.254999,29.93,30.870001,1027400
1454,2005-10-14,31.129999,31.99,31.120001,31.440001,915400
1455,2005-10-17,31.360001,31.940001,31.07,31.49,394000
1456,2005-10-18,31.504999,31.57,30.705,31.0,378600
1457,2005-10-19,30.84,31.955,30.35,31.92,605200
1458,2005-10-20,31.74,31.945,31.190001,31.504999,730400
1459,2005-10-21,31.495001,31.844999,31.25,31.5,381000
1460,2005-10-24,31.584999,32.855,31.584999,32.845001,968000
1461,2005-10-25,32.73,33.465,32.73,33.345001,727000
1462,2005-10-26,33.419998,34.355,33.334999,34.119999,1692400
1463,2005-10-27,34.195,34.200001,32.875,33.75,1142800
1464,2005-10-28,34.365002,34.619999,33.435001,33.549999,3490400
1465,2005-10-31,35.825001,37.485001,35.275002,36.93,5082800
1466,2005-11-01,37.060001,37.845001,36.450001,37.365002,1462800
1467,2005-11-02,37.125,38.215,36.84,37.715,1257600
1468,2005-11-03,38.025002,39.369999,37.759998,38.91,2042600
1469,2005-11-04,38.869999,38.98,36.895,37.25,2472400
1470,2005-11-07,37.950001,38.66,37.395,37.950001,1066200
1471,2005-11-08,38.035,38.244999,37.540001,38.130001,725600
1472,2005-11-09,36.650002,37.375,36.099998,36.560001,1521600
1473,2005-11-10,36.455002,36.75,35.400002,36.25,958200
1474,2005-11-11,36.384998,36.73,35.875,36.599998,771200
1475,2005-11-14,36.764999,37.044998,35.139999,35.555,1068200
1476,2005-11-15,35.5,36.674999,35.330002,36.209999,853000
1477,2005-11-16,36.395,36.584999,35.755001,36.099998,386600
1478,2005-11-17,36.064999,37.445,36.064999,37.415001,710000
1479,2005-11-18,37.529999,37.889999,36.695,36.955002,658400
1480,2005-11-21,36.965,37.974998,36.23,37.814999,516800
1481,2005-11-22,37.735001,37.889999,36.919998,37.580002,531400
1482,2005-11-23,37.509998,37.950001,36.779999,37.09,322000
1483,2005-11-25,37.185001,37.185001,36.514999,36.98,170000
1484,2005-11-28,37.279999,37.279999,35.235001,35.700001,1172200
1485,2005-11-29,35.740002,36.18,35.575001,35.75,421000
1486,2005-11-30,35.66,36.349998,35.389999,35.715,520400
1487,2005-12-01,35.935001,36.650002,35.785,36.395,313600
1488,2005-12-02,36.369999,36.939999,35.73,36.84,479000
1489,2005-12-05,36.830002,37.075001,35.935001,36.93,330600
1490,2005-12-06,36.834999,37.654999,36.235001,36.25,567800
1491,2005-12-07,36.220001,36.5,35.075001,35.549999,559000
1492,2005-12-08,35.470001,35.810001,35.185001,35.580002,361000
1493,2005-12-09,35.610001,35.900002,34.650002,35.445,386400
1494,2005-12-12,35.525002,35.75,34.700001,35.169998,786800
1495,2005-12-13,35.125,36.150002,35.064999,35.955002,515000
1496,2005-12-14,35.98,36.174999,34.974998,35.349998,436600
1497,2005-12-15,35.314999,35.759998,34.700001,35.619999,509400
1498,2005-12-16,35.610001,36.005001,35.049999,35.544998,700200
1499,2005-12-19,35.904999,36.055,33.884998,34.529999,1311600
1500,2005-12-20,34.490002,35.334999,34.400002,34.93,643000
1501,2005-12-21,34.935001,35.645,34.889999,35.419998,537200
1502,2005-12-22,35.895,36.299999,35.755001,36.185001,505400
1503,2005-12-23,36.41,36.490002,35.799999,35.889999,464200
1504,2005-12-27,35.900002,36.459999,35.349998,35.549999,472600
1505,2005-12-28,35.485001,35.764999,35.384998,35.395,260600
1506,2005-12-29,35.715,35.720001,34.59,34.799999,341600
1507,2005-12-30,34.634998,34.77,34.209999,34.560001,327400
1508,2006-01-03,34.59,34.68,33.599998,34.244999,1137800
1509,2006-01-04,33.98,35.0,33.98,34.889999,691000
1510,2006-01-05,34.924999,35.075001,34.220001,34.919998,409000
1511,2006-01-06,35.099998,35.669998,34.82,35.665001,484200
1512,2006-01-09,35.654999,35.705002,34.689999,34.825001,669400
1513,2006-01-10,34.68,35.299999,34.68,35.259998,401200
1514,2006-01-11,35.055,35.404999,34.25,34.5,592200
1515,2006-01-12,34.255001,34.255001,33.82,34.005001,510800
1516,2006-01-13,34.145,34.625,33.689999,34.625,336000
1517,2006-01-17,34.404999,34.535,34.25,34.474998,557000
1518,2006-01-18,34.205002,34.84,34.189999,34.494999,391200
1519,2006-01-19,34.450001,34.639999,34.029999,34.435001,618200
1520,2006-01-20,34.610001,34.610001,33.169998,33.169998,636200
1521,2006-01-23,33.424999,33.424999,32.105,32.66,1008400
1522,2006-01-24,32.549999,32.77,32.154999,32.459999,821000
1523,2006-01-25,32.5,32.945,31.91,32.02,682200
1524,2006-01-26,31.975,32.724998,31.450001,32.544998,807800
1525,2006-01-27,32.549999,33.150002,32.18,32.615002,671200
1526,2006-01-30,32.650002,32.700001,31.975,32.049999,382400
1527,2006-01-31,31.975,32.404999,31.975,32.334999,401600
1528,2006-02-01,32.259998,33.849998,32.259998,33.435001,853000
1529,2006-02-02,33.525002,33.674999,32.445,33.044998,748400
1530,2006-02-03,33.174999,33.5,32.84,33.025002,373200
1531,2006-02-06,33.0,33.5,32.895,33.154999,449000
1532,2006-02-07,33.084999,33.375,32.865002,32.974998,567600
1533,2006-02-08,32.889999,33.27,32.535,32.794998,571400
1534,2006-02-09,32.764999,33.345001,32.674999,32.955002,578000
1535,2006-02-10,33.080002,33.400002,32.634998,33.345001,727000
1536,2006-02-13,33.014999,33.25,32.389999,32.709999,797800
1537,2006-02-14,32.904999,32.93,32.450001,32.764999,459200
1538,2006-02-15,32.895,33.619999,32.759998,33.310001,407400
1539,2006-02-16,33.235001,34.064999,32.945,34.014999,952400
1540,2006-02-17,34.09,34.09,32.93,33.509998,1032800
1541,2006-02-21,32.564999,32.639999,30.504999,30.785,11410800
1542,2006-02-22,30.74,31.424999,30.709999,30.934999,2486800
1543,2006-02-23,30.865,31.4,30.525,31.360001,1712400
1544,2006-02-24,31.389999,31.445,30.754999,30.85,1117200
1545,2006-02-27,30.799999,31.725,30.75,31.615,1328400
1546,2006-02-28,31.57,31.57,30.514999,30.82,1541000
1547,2006-03-01,31.014999,31.6,30.58,31.434999,1886600
1548,2006-03-02,31.190001,32.035,30.73,31.945,1367800
1549,2006-03-03,31.66,32.305,31.344999,31.82,799600
1550,2006-03-06,31.745001,32.095001,31.485001,31.945,897000
1551,2006-03-07,31.495001,32.365002,31.235001,32.105,1639400
1552,2006-03-08,32.040001,32.450001,31.77,32.355,992000
1553,2006-03-09,32.32,32.48,32.014999,32.259998,806200
1554,2006-03-10,32.099998,32.365002,31.584999,32.040001,666400
1555,2006-03-13,32.099998,32.145,31.620001,31.76,879000
1556,2006-03-14,31.73,32.264999,31.34,32.16,574800
1557,2006-03-15,32.095001,32.355,31.865,32.115002,643600
1558,2006-03-16,32.0,32.32,31.844999,31.995001,515400
1559,2006-03-17,32.125,32.200001,31.379999,32.064999,1479200
1560,2006-03-20,32.285,32.450001,31.690001,32.0,727600
1561,2006-03-21,32.290001,32.900002,31.74,32.290001,1753200
1562,2006-03-22,32.189999,33.110001,32.0,32.965,1032600
1563,2006-03-23,32.955002,33.075001,32.584999,32.799999,490800
1564,2006-03-24,32.869999,33.014999,32.224998,33.0,532000
1565,2006-03-27,33.439999,33.560001,33.099998,33.255001,658000
1566,2006-03-28,33.299999,33.639999,33.064999,33.305,639600
1567,2006-03-29,33.314999,33.740002,33.084999,33.375,674200
1568,2006-03-30,33.450001,33.834999,33.285,33.580002,594200
1569,2006-03-31,33.700001,33.705002,32.900002,33.139999,918000
1570,2006-04-03,33.125,33.959999,33.014999,33.25,1521000
1571,2006-04-04,33.110001,33.625,32.625,33.305,743200
1572,2006-04-05,33.424999,33.424999,32.560001,32.904999,799000
1573,2006-04-06,32.755001,32.810001,32.259998,32.27,697400
1574,2006-04-07,32.5,32.584999,31.754999,31.860001,689000
1575,2006-04-10,31.870001,32.16,31.25,31.514999,784800
1576,2006-04-11,31.700001,31.700001,30.785,31.0,824000
1577,2006-04-12,30.945,31.565001,30.799999,31.030001,593800
1578,2006-04-13,30.9,31.34,30.715,31.235001,425000
1579,2006-04-17,31.209999,31.375,30.469999,30.639999,481800
1580,2006-04-18,30.575001,31.49,30.549999,31.299999,673800
1581,2006-04-19,30.940001,31.290001,30.940001,31.065001,642600
1582,2006-04-20,30.889999,31.014999,30.370001,30.825001,543200
1583,2006-04-21,31.01,31.01,30.35,30.375,692600
1584,2006-04-24,30.58,30.6,30.075001,30.34,724600
1585,2006-04-25,30.174999,30.200001,29.535,29.594999,1113000
1586,2006-04-26,29.65,29.84,29.145,29.35,1180400
1587,2006-04-27,29.200001,30.0,28.924999,29.635,1104800
1588,2006-04-28,29.495001,30.094999,29.125,29.775,812200
1589,2006-05-01,29.895,30.950001,29.879999,30.684999,2037400
1590,2006-05-02,28.57,29.205,27.879999,28.25,7831400
1591,2006-05-03,28.344999,28.344999,27.040001,27.514999,2680800
1592,2006-05-04,27.375,27.950001,27.325001,27.6,1152400
1593,2006-05-05,27.76,28.379999,27.465,28.075001,1074600
1594,2006-05-08,28.16,28.16,27.655001,27.805,442800
1595,2006-05-09,27.615,27.715,27.33,27.445,635600
1596,2006-05-10,27.334999,27.389999,27.030001,27.115,523000
1597,2006-05-11,27.030001,27.165001,26.379999,26.549999,715400
1598,2006-05-12,26.450001,26.594999,25.625,26.184999,1572400
1599,2006-05-15,25.985001,26.375,25.764999,25.775,858200
1600,2006-05-16,25.77,25.9,24.940001,24.945,1393200
1601,2006-05-17,24.99,25.35,24.559999,25.205,1670400
1602,2006-05-18,25.434999,25.74,24.66,24.719999,1144000
1603,2006-05-19,24.555,25.165001,24.440001,25.025,1049800
1604,2006-05-22,25.0,25.0,23.610001,24.105,1925800
1605,2006-05-23,24.16,24.665001,23.92,23.98,1079200
1606,2006-05-24,23.885,24.434999,23.5,24.129999,1151600
1607,2006-05-25,24.190001,24.34,23.5,24.33,1514800
1608,2006-05-26,24.360001,25.24,24.35,25.155001,1158800
1609,2006-05-30,24.865,25.115,24.65,24.795,968200
1610,2006-05-31,24.915001,24.915001,24.065001,24.08,1391200
1611,2006-06-01,24.174999,25.004999,23.98,25.004999,1246200
1612,2006-06-02,25.105,25.674999,25.09,25.545,1468400
1613,2006-06-05,25.415001,25.415001,24.745001,24.75,1272000
1614,2006-06-06,24.719999,25.004999,24.375,24.945,859400
1615,2006-06-07,24.889999,25.365,24.764999,25.0,1018600
1616,2006-06-08,25.379999,25.860001,24.860001,25.395,1798600
1617,2006-06-09,25.559999,25.684999,25.174999,25.200001,507200
1618,2006-06-12,25.16,25.450001,24.629999,24.709999,620600
1619,2006-06-13,24.77,25.42,24.415001,24.67,1110800
1620,2006-06-14,24.66,25.18,24.445,24.82,512600
1621,2006-06-15,24.85,26.18,24.844999,26.105,1127600
1622,2006-06-16,26.014999,26.125,25.15,25.684999,1499800
1623,2006-06-19,25.85,25.85,24.940001,25.135,917200
1624,2006-06-20,25.200001,25.440001,24.700001,25.025,491200
1625,2006-06-21,24.995001,25.725,23.9,25.379999,1443400
1626,2006-06-22,25.254999,25.985001,25.049999,25.950001,907800
1627,2006-06-23,25.975,28.07,25.725,27.629999,2845000
1628,2006-06-26,27.77,28.200001,27.25,27.700001,804600
1629,2006-06-27,27.665001,27.945,27.15,27.405001,626000
1630,2006-06-28,27.41,27.535,26.855,27.42,843600
1631,2006-06-29,27.549999,28.395,27.51,28.325001,1142600
1632,2006-06-30,28.370001,29.0,28.155001,28.885,873200
1633,2006-07-03,28.764999,29.295,28.76,29.075001,489600
1634,2006-07-05,28.93,29.059999,28.200001,28.905001,1387200
1635,2006-07-06,29.004999,29.295,28.85,29.1,928400
1636,2006-07-07,29.075001,29.495001,28.9,28.965,1101600
1637,2006-07-10,28.955,29.305,28.315001,28.530001,459200
1638,2006-07-11,28.424999,28.475,27.950001,28.27,1227200
1639,2006-07-12,28.205,28.780001,28.040001,28.059999,796600
1640,2006-07-13,28.004999,28.15,27.35,27.525,1301600
1641,2006-07-14,27.465,27.555,26.875,26.879999,711600
1642,2006-07-17,26.895,27.275,26.66,26.790001,442200
1643,2006-07-18,26.9,27.190001,26.709999,27.155001,591200
1644,2006-07-19,27.17,28.48,27.17,27.995001,1017000
1645,2006-07-20,27.99,28.145,27.65,27.745001,643200
1646,2006-07-21,27.645,28.014999,27.424999,27.76,834600
1647,2006-07-24,28.02,29.094999,28.0,29.01,1123200
1648,2006-07-25,28.92,29.82,28.84,29.49,845000
1649,2006-07-26,29.34,29.965,29.135,29.540001,674200
1650,2006-07-27,29.690001,29.76,28.975,29.584999,1098200
1651,2006-07-28,29.709999,29.975,29.32,29.799999,1298800
1652,2006-07-31,29.59,29.77,29.065001,29.655001,1557400
1653,2006-08-01,28.485001,28.615,25.5,26.200001,7142200
1654,2006-08-02,26.245001,26.559999,25.92,26.405001,1383200
1655,2006-08-03,26.155001,27.545,26.155001,27.49,1802800
1656,2006-08-04,27.68,28.075001,27.27,27.735001,1017600
1657,2006-08-07,27.41,27.540001,27.1,27.26,1081400
1658,2006-08-08,27.405001,27.629999,26.799999,27.0,847600
1659,2006-08-09,27.285,27.49,27.014999,27.075001,825400
1660,2006-08-10,27.1,27.145,26.66,26.860001,765400
1661,2006-08-11,26.76,27.26,26.559999,27.135,611200
1662,2006-08-14,27.334999,27.440001,26.690001,27.014999,539200
1663,2006-08-15,27.370001,27.49,27.16,27.43,552400
1664,2006-08-16,27.695,28.049999,27.495001,27.955,1099600
1665,2006-08-17,27.790001,28.02,27.584999,27.82,467600
1666,2006-08-18,27.950001,27.950001,27.355,27.530001,492000
1667,2006-08-21,27.4,27.665001,27.004999,27.459999,499800
1668,2006-08-22,27.41,27.65,27.025,27.325001,463800
1669,2006-08-23,27.395,27.41,26.754999,27.355,403000
1670,2006-08-24,27.285,27.389999,26.790001,26.940001,477000
1671,2006-08-25,26.98,27.125,26.535,26.700001,332400
1672,2006-08-28,26.75,27.25,26.545,27.07,520400
1673,2006-08-29,27.16,27.17,26.82,27.0,590000
1674,2006-08-30,27.125,27.73,26.885,27.5,972800
1675,2006-08-31,27.495001,27.82,27.205,27.295,496000
1676,2006-09-01,27.525,27.575001,26.969999,27.295,412600
1677,2006-09-05,27.215,27.389999,26.860001,27.139999,415800
1678,2006-09-06,27.0,27.040001,26.275,26.629999,841800
1679,2006-09-07,26.59,26.9,26.17,26.705,507600
1680,2006-09-08,26.825001,27.125,26.615,26.945,647400
1681,2006-09-11,26.895,27.334999,26.645,27.145,464800
1682,2006-09-12,27.25,28.389999,27.105,28.07,1070600
1683,2006-09-13,27.940001,28.405001,27.625,28.325001,1059400
1684,2006-09-14,28.155001,28.42,27.825001,28.33,680400
1685,2006-09-15,28.5,28.700001,28.280001,28.459999,1297800
1686,2006-09-18,28.6,28.700001,28.23,28.49,743000
1687,2006-09-19,28.440001,28.655001,28.200001,28.475,547000
1688,2006-09-20,28.59,28.945,28.4,28.745001,491800
1689,2006-09-21,28.68,28.745001,27.700001,27.700001,1075600
1690,2006-09-22,27.709999,27.76,26.885,27.365,1125600
1691,2006-09-25,27.365,27.5,26.549999,26.77,1210200
1692,2006-09-26,26.65,27.075001,26.33,26.385,2464200
1693,2006-09-27,26.0,27.235001,25.094999,26.885,4415200
1694,2006-09-28,26.77,26.875,25.280001,25.344999,4287800
1695,2006-09-29,26.059999,26.780001,25.809999,26.309999,2502000
1696,2006-10-02,26.105,26.655001,26.049999,26.395,1792800
1697,2006-10-03,26.25,26.355,25.674999,25.735001,2521200
1698,2006-10-04,25.625,25.9,25.48,25.559999,2143600
1699,2006-10-05,25.475,26.334999,25.445,26.15,3912800
1700,2006-10-06,26.045,27.620001,26.01,27.135,2961600
1701,2006-10-09,27.02,27.42,26.93,27.264999,1264600
1702,2006-10-10,27.415001,27.715,26.945,27.545,1157000
1703,2006-10-11,27.655001,27.66,27.245001,27.459999,754400
1704,2006-10-12,27.48,27.780001,27.375,27.545,689000
1705,2006-10-13,27.639999,27.639999,26.610001,26.790001,2443600
1706,2006-10-16,26.889999,27.370001,26.83,27.245001,1534800
1707,2006-10-17,27.055,28.15,27.055,28.025,1594800
1708,2006-10-18,28.17,28.615,28.15,28.605,1441000
1709,2006-10-19,28.6,28.915001,28.110001,28.445,1156000
1710,2006-10-20,28.575001,28.575001,28.049999,28.389999,417800
1711,2006-10-23,28.475,28.65,28.145,28.504999,916000
1712,2006-10-24,29.895,31.375,29.860001,31.084999,4938400
1713,2006-10-25,31.035,31.700001,30.27,30.620001,5411200
1714,2006-10-26,30.76,30.82,30.190001,30.674999,1993600
1715,2006-10-27,30.700001,31.24,30.264999,30.514999,1167800
1716,2006-10-30,30.514999,30.565001,29.91,30.35,1076800
1717,2006-10-31,30.215,30.745001,29.68,29.924999,1496800
1718,2006-11-01,30.1,30.615,29.885,29.995001,1928600
1719,2006-11-02,29.885,30.040001,29.455,29.940001,1129800
1720,2006-11-03,29.725,29.969999,29.190001,29.32,1977000
1721,2006-11-06,29.32,29.375,28.934999,29.165001,1800400
1722,2006-11-07,29.174999,30.01,29.014999,29.17,1384600
1723,2006-11-08,29.08,29.415001,28.700001,29.285,906800
1724,2006-11-09,29.35,29.375,28.584999,28.924999,1164600
1725,2006-11-10,29.025,29.18,28.59,28.924999,798200
1726,2006-11-13,28.889999,29.105,28.09,28.495001,2324600
1727,2006-11-14,28.43,28.66,28.094999,28.35,1358200
1728,2006-11-15,28.49,29.07,28.41,28.655001,1437200
1729,2006-11-16,28.629999,29.15,28.355,29.115,1041400
1730,2006-11-17,29.115,29.58,28.805,29.455,1326200
1731,2006-11-20,29.525,29.879999,28.934999,29.395,1829600
1732,2006-11-21,29.67,29.700001,28.875,29.18,1234800
1733,2006-11-22,29.264999,29.34,28.9,29.035,409200
1734,2006-11-24,28.940001,29.115,28.629999,29.030001,231400
1735,2006-11-27,28.98,29.205,28.215,28.4,910400
1736,2006-11-28,28.41,28.514999,27.965,28.309999,1129400
1737,2006-11-29,28.360001,29.299999,28.27,29.190001,2862000
1738,2006-11-30,29.065001,29.385,28.83,29.110001,1287400
1739,2006-12-01,29.1,29.305,28.594999,28.934999,1239000
1740,2006-12-04,29.0,29.075001,28.83,28.940001,716400
1741,2006-12-05,29.08,29.1,28.57,29.004999,1096400
1742,2006-12-06,28.91,29.370001,28.815001,29.245001,690800
1743,2006-12-07,29.33,29.540001,29.235001,29.33,662600
1744,2006-12-08,29.195,29.209999,28.805,29.065001,680200
1745,2006-12-11,28.995001,29.209999,28.764999,29.084999,987800
1746,2006-12-12,29.035,29.065001,28.295,28.49,973200
1747,2006-12-13,28.674999,28.68,27.584999,27.695,1463400
1748,2006-12-14,27.629999,28.09,27.24,27.365,1450600
1749,2006-12-15,27.395,27.799999,27.24,27.459999,975400
1750,2006-12-18,27.450001,27.51,27.139999,27.26,625200
1751,2006-12-19,27.165001,27.455,27.139999,27.315001,431200
1752,2006-12-20,27.295,27.475,27.01,27.065001,539000
1753,2006-12-21,27.025,27.299999,26.780001,26.825001,628400
1754,2006-12-22,26.785,26.885,26.275,26.559999,443800
1755,2006-12-26,26.415001,26.85,26.415001,26.67,362400
1756,2006-12-27,26.754999,27.1,26.754999,27.030001,499400
1757,2006-12-28,27.0,27.209999,26.9,27.025,239200
1758,2006-12-29,27.075001,27.219999,26.934999,27.184999,398200
1759,2007-01-03,27.200001,27.375,26.215,26.610001,1649600
1760,2007-01-04,26.615,26.985001,26.145,26.83,716600
1761,2007-01-05,26.66,26.75,26.4,26.530001,605600
1762,2007-01-08,26.59,27.094999,26.215,26.945,828600
1763,2007-01-09,27.004999,27.209999,26.870001,27.184999,588200
1764,2007-01-10,27.025,27.68,26.855,27.57,781400
1765,2007-01-11,27.565001,28.465,27.565001,28.365,1128000
1766,2007-01-12,28.295,28.625,28.290001,28.549999,765000
1767,2007-01-16,28.65,28.875,28.49,28.615,623800
1768,2007-01-17,28.514999,29.139999,28.514999,29.0,796200
1769,2007-01-18,28.85,29.235001,28.620001,28.995001,955600
1770,2007-01-19,28.915001,29.209999,28.76,29.15,721600
1771,2007-01-22,29.205,29.285,29.025,29.195,857200
1772,2007-01-23,29.195,29.65,29.09,29.565001,614400
1773,2007-01-24,29.745001,29.745001,28.67,29.07,1018200
1774,2007-01-25,28.98,29.065001,28.334999,28.67,815600
1775,2007-01-26,28.665001,28.785,28.030001,28.139999,1118600
1776,2007-01-29,28.09,28.355,27.975,28.120001,908800
1777,2007-01-30,26.379999,27.605,26.125,27.174999,4215000
1778,2007-01-31,27.15,27.475,26.790001,26.799999,1594600
1779,2007-02-01,26.77,26.77,25.924999,26.125,5471600
1780,2007-02-02,26.245001,26.485001,26.059999,26.285,2390600
1781,2007-02-05,26.17,26.344999,25.355,25.379999,2070800
1782,2007-02-06,25.360001,25.719999,25.309999,25.405001,1272400
1783,2007-02-07,25.424999,25.610001,25.09,25.174999,1464800
1784,2007-02-08,25.530001,25.575001,24.049999,24.049999,3654200
1785,2007-02-09,24.455,24.549999,23.834999,23.934999,3980200
1786,2007-02-12,23.92,24.209999,23.844999,23.955,1913200
1787,2007-02-13,24.184999,24.945,24.030001,24.84,2335200
1788,2007-02-14,24.879999,25.889999,24.285,25.540001,6991200
1789,2007-02-15,25.575001,25.780001,25.225,25.379999,1744000
1790,2007-02-16,25.375,25.455,25.0,25.305,1686000
1791,2007-02-20,27.33,28.725,26.6,28.450001,9380600
1792,2007-02-21,28.27,29.1,27.895,29.035,3387200
1793,2007-02-22,29.059999,29.745001,28.82,28.985001,2225200
1794,2007-02-23,28.889999,29.030001,28.65,28.889999,852200
1795,2007-02-26,27.445,29.775,27.424999,29.264999,6617600
1796,2007-02-27,29.055,29.25,28.24,28.690001,2151000
1797,2007-02-28,28.700001,29.030001,28.030001,28.1,1669000
1798,2007-03-01,27.799999,28.135,27.254999,27.719999,1514800
1799,2007-03-02,27.605,28.26,27.459999,27.540001,1726200
1800,2007-03-05,27.440001,27.889999,27.215,27.215,1411600
1801,2007-03-06,27.225,27.475,27.18,27.219999,1288600
1802,2007-03-07,27.18,27.26,26.77,26.959999,2379400
1803,2007-03-08,27.049999,27.33,26.639999,26.754999,1212000
1804,2007-03-09,26.985001,27.25,26.77,26.965,1199200
1805,2007-03-12,26.915001,27.465,26.915001,27.24,1044200
1806,2007-03-13,27.045,27.639999,27.025,27.225,1734200
1807,2007-03-14,27.165001,28.295,27.165001,28.135,2171600
1808,2007-03-15,27.975,28.4,27.775,27.969999,1197400
1809,2007-03-16,27.965,28.084999,27.555,27.645,950200
1810,2007-03-19,27.9,28.559999,27.76,28.48,1689000
1811,2007-03-20,28.375,28.424999,28.075001,28.375,1198600
1812,2007-03-21,28.440001,28.440001,27.945,28.139999,1663000
1813,2007-03-22,28.24,28.24,27.795,27.940001,1678000
1814,2007-03-23,28.02,28.309999,27.875,28.25,938000
1815,2007-03-26,28.365,28.52,27.635,27.790001,1935400
1816,2007-03-27,27.709999,27.745001,27.325001,27.475,840600
1817,2007-03-28,27.395,27.5,27.155001,27.275,678600
1818,2007-03-29,27.32,27.415001,26.525,26.875,1660200
1819,2007-03-30,26.805,27.0,26.735001,26.889999,843000
1820,2007-04-02,26.889999,26.985001,26.540001,26.74,1100000
1821,2007-04-03,26.775,27.004999,26.725,26.75,1222400
1822,2007-04-04,26.705,26.76,26.385,26.5,1365800
1823,2007-04-05,26.42,26.639999,26.35,26.375,1066600
1824,2007-04-09,26.355,26.525,26.165001,26.27,1520000
1825,2007-04-10,26.165001,26.375,25.93,26.014999,1235000
1826,2007-04-11,26.094999,26.245001,25.879999,26.17,791000
1827,2007-04-12,26.17,27.17,26.059999,27.084999,2247400
1828,2007-04-13,27.045,27.094999,26.615,26.945,1051400
1829,2007-04-16,26.955,27.225,26.91,27.110001,604600
1830,2007-04-17,27.08,27.219999,26.815001,27.040001,1208800
1831,2007-04-18,26.940001,27.264999,26.940001,27.15,1162200
1832,2007-04-19,27.045,27.525,26.645,27.41,1093800
1833,2007-04-20,27.645,27.725,27.035,27.285,1043800
1834,2007-04-23,27.42,27.85,27.42,27.52,1312600
1835,2007-04-24,27.790001,27.92,27.4,27.58,955800
1836,2007-04-25,27.665001,27.875,27.450001,27.73,892400
1837,2007-04-26,27.875,28.094999,27.695,28.065001,1196600
1838,2007-04-27,27.865,28.059999,27.725,28.035,1055800
1839,2007-04-30,28.1,28.555,27.93,27.955,2999800
1840,2007-05-01,27.15,29.17,27.0,29.004999,4949800
1841,2007-05-02,29.084999,29.264999,28.65,29.059999,1587800
1842,2007-05-03,29.045,29.690001,28.99,29.674999,1577600
1843,2007-05-04,29.700001,29.700001,29.415001,29.65,892600
1844,2007-05-07,29.565001,29.66,29.379999,29.639999,825400
1845,2007-05-08,30.52,31.584999,29.844999,31.48,3896000
1846,2007-05-09,31.440001,32.169998,30.895,32.125,3068600
1847,2007-05-10,32.0,32.235001,31.665001,31.719999,2143000
1848,2007-05-11,31.75,32.724998,31.625,32.435001,2540200
1849,2007-05-14,32.435001,32.875,32.435001,32.724998,2926000
1850,2007-05-15,32.825001,33.0,32.264999,32.325001,1420800
1851,2007-05-16,32.575001,33.215,32.345001,33.165001,2214600
1852,2007-05-17,33.185001,33.25,32.825001,32.919998,1221400
1853,2007-05-18,33.68,34.0,33.349998,33.630001,2874200
1854,2007-05-21,33.785,33.810001,33.380001,33.494999,1097800
1855,2007-05-22,33.395,34.005001,33.215,33.82,1035000
1856,2007-05-23,33.810001,34.060001,33.615002,33.799999,1097400
1857,2007-05-24,33.630001,33.66,33.275002,33.560001,2323800
1858,2007-05-25,33.630001,33.705002,33.200001,33.435001,1376600
1859,2007-05-29,33.424999,33.57,33.005001,33.435001,1475400
1860,2007-05-30,33.154999,33.5,32.759998,32.810001,1528000
1861,2007-05-31,32.799999,33.215,32.689999,32.994999,1494200
1862,2007-06-01,32.955002,33.450001,32.630001,32.785,861800
1863,2007-06-04,32.715,32.924999,32.485001,32.75,885600
1864,2007-06-05,32.59,33.215,32.544998,33.084999,1123000
1865,2007-06-06,32.915001,33.360001,32.915001,33.115002,809600
1866,2007-06-07,32.98,33.244999,32.465,32.514999,1064200
1867,2007-06-08,32.57,32.895,32.25,32.825001,769000
1868,2007-06-11,32.865002,33.105,32.455002,32.494999,645000
1869,2007-06-12,32.5,32.59,32.055,32.23,1486400
1870,2007-06-13,32.25,32.485001,32.130001,32.244999,700000
1871,2007-06-14,32.349998,32.5,31.99,32.130001,1003200
1872,2007-06-15,32.52,32.68,32.185001,32.424999,1427200
1873,2007-06-18,32.5,32.514999,32.025002,32.195,1041400
1874,2007-06-19,32.009998,32.174999,31.825001,32.09,1148400
1875,2007-06-20,32.110001,32.134998,31.74,31.83,1265000
1876,2007-06-21,31.665001,31.995001,31.485001,31.775,902000
1877,2007-06-22,31.764999,31.9,31.290001,31.34,1684000
1878,2007-06-25,31.254999,31.75,31.16,31.23,1001200
1879,2007-06-26,31.195,31.450001,30.969999,31.17,1074200
1880,2007-06-27,31.264999,31.9,31.09,31.790001,1171000
1881,2007-06-28,31.855,32.005001,31.684999,31.875,626000
1882,2007-06-29,32.0,32.119999,31.754999,31.879999,780800
1883,2007-07-02,32.029999,32.075001,31.780001,31.98,347000
1884,2007-07-03,31.98,32.150002,31.91,32.044998,231600
1885,2007-07-05,32.105,32.459999,31.82,32.32,1147400
1886,2007-07-06,32.490002,32.540001,32.275002,32.400002,1717600
1887,2007-07-09,32.514999,32.985001,32.384998,32.834999,931200
1888,2007-07-10,32.785,33.290001,32.735001,33.154999,1622200
1889,2007-07-11,33.244999,33.845001,33.080002,33.580002,2685400
1890,2007-07-12,33.900002,34.064999,33.775002,34.0,2000600
1891,2007-07-13,33.994999,34.195,33.744999,33.974998,1773800
1892,2007-07-16,33.939999,34.145,33.869999,34.02,2311200
1893,2007-07-17,33.950001,34.68,33.950001,34.5,2157400
1894,2007-07-18,34.445,34.77,34.259998,34.630001,1508600
1895,2007-07-19,34.665001,34.970001,34.59,34.720001,3160600
1896,2007-07-20,34.685001,34.98,34.59,34.709999,1356600
1897,2007-07-23,34.919998,34.990002,34.5,34.785,1616600
1898,2007-07-24,34.939999,34.939999,34.525002,34.650002,1035200
1899,2007-07-25,34.869999,34.945,34.369999,34.625,1939000
1900,2007-07-26,34.535,35.0,34.459999,34.955002,2012600
1901,2007-07-27,34.810001,34.990002,34.584999,34.825001,2350600
1902,2007-07-30,34.715,35.049999,34.685001,34.915001,3138200
1903,2007-07-31,35.740002,36.169998,34.5,34.68,3815000
1904,2007-08-01,35.060001,35.215,34.595001,34.93,1661200
1905,2007-08-02,34.645,35.220001,34.630001,34.889999,1420400
1906,2007-08-03,34.715,34.775002,34.009998,34.310001,1883000
1907,2007-08-06,34.355,34.400002,33.584999,33.794998,2328800
1908,2007-08-07,33.619999,33.830002,33.419998,33.654999,1952400
1909,2007-08-08,33.869999,34.235001,33.794998,34.195,2054800
1910,2007-08-09,33.82,34.174999,33.720001,34.130001,2236600
1911,2007-08-10,33.759998,33.865002,32.924999,33.064999,2180600
1912,2007-08-13,33.259998,33.615002,32.785,32.860001,933600
1913,2007-08-14,33.040001,33.040001,32.334999,32.599998,909600
1914,2007-08-15,32.345001,32.875,32.299999,32.34,866200
1915,2007-08-16,32.115002,32.470001,31.815001,32.240002,1204400
1916,2007-08-17,33.0,33.029999,32.255001,32.529999,1899400
1917,2007-08-20,32.529999,32.950001,32.455002,32.939999,1269600
1918,2007-08-21,32.759998,33.150002,32.549999,33.02,1676400
1919,2007-08-22,33.25,33.349998,32.889999,33.154999,539600
1920,2007-08-23,33.365002,34.0,33.244999,33.974998,827000
1921,2007-08-24,33.924999,33.98,33.525002,33.645,888400
1922,2007-08-27,33.494999,33.985001,33.349998,33.91,438200
1923,2007-08-28,33.869999,34.009998,33.540001,33.93,749800
1924,2007-08-29,33.965,34.25,33.549999,34.23,619000
1925,2007-08-30,34.060001,34.599998,33.82,34.23,487400
1926,2007-08-31,34.48,34.66,33.759998,34.244999,865600
1927,2007-09-04,34.080002,35.125,34.049999,34.939999,656200
1928,2007-09-05,34.855,35.169998,34.5,35.02,1031400
1929,2007-09-06,34.959999,35.049999,34.424999,34.794998,764400
1930,2007-09-07,34.455002,34.619999,34.099998,34.165001,1195600
1931,2007-09-10,34.450001,34.494999,33.790001,34.115002,888400
1932,2007-09-11,34.365002,34.630001,33.955002,34.244999,685000
1933,2007-09-12,34.07,34.279999,33.880001,34.215,1177800
1934,2007-09-13,34.294998,34.294998,33.380001,33.400002,838200
1935,2007-09-14,33.345001,33.575001,33.220001,33.395,680600
1936,2007-09-17,33.400002,33.555,33.125,33.290001,614400
1937,2007-09-18,33.334999,33.619999,33.0,33.494999,968800
1938,2007-09-19,33.490002,33.535,32.860001,33.125,790800
1939,2007-09-20,32.945,33.674999,32.935001,33.625,1351000
1940,2007-09-21,33.529999,33.700001,33.200001,33.505001,1539800
1941,2007-09-24,33.5,33.584999,32.919998,32.950001,788000
1942,2007-09-25,32.880001,33.235001,32.845001,32.939999,632400
1943,2007-09-26,33.095001,33.189999,32.665001,32.755001,1019000
1944,2007-09-27,32.919998,33.759998,32.919998,33.355,996800
1945,2007-09-28,33.259998,33.73,32.880001,33.27,1028000
1946,2007-10-01,33.275002,33.724998,32.884998,33.5,1120200
1947,2007-10-02,33.41,33.459999,32.865002,33.07,977400
1948,2007-10-03,32.974998,33.145,32.744999,32.764999,1010800
1949,2007-10-04,32.830002,33.525002,32.740002,33.32,766200
1950,2007-10-05,33.470001,33.814999,33.080002,33.73,929800
1951,2007-10-08,33.724998,33.73,33.325001,33.650002,554400
1952,2007-10-09,33.645,33.75,33.200001,33.450001,847000
1953,2007-10-10,33.439999,33.705002,33.084999,33.200001,967800
1954,2007-10-11,33.34,33.490002,32.685001,32.790001,767400
1955,2007-10-12,32.785,33.075001,32.514999,33.02,728000
1956,2007-10-15,32.974998,33.314999,32.634998,32.974998,976200
1957,2007-10-16,32.945,33.945,32.945,33.834999,1164800
1958,2007-10-17,34.27,35.285,34.224998,35.205002,2028200
1959,2007-10-18,35.0,35.549999,34.84,35.525002,1202800
1960,2007-10-19,35.525002,35.805,35.200001,35.41,1262600
1961,2007-10-22,35.445,36.150002,35.400002,35.939999,1683600
1962,2007-10-23,36.240002,36.240002,35.825001,36.134998,1214000
1963,2007-10-24,36.025002,36.900002,35.544998,36.07,1398000
1964,2007-10-25,36.064999,36.244999,35.459999,36.169998,798600
1965,2007-10-26,36.27,36.77,35.849998,36.740002,615000
1966,2007-10-29,36.759998,36.865002,35.450001,35.740002,2236400
1967,2007-10-30,35.619999,35.66,34.459999,34.564999,1248200
1968,2007-10-31,34.799999,34.799999,33.860001,34.220001,1239200
1969,2007-11-01,44.869999,48.369999,44.395,47.055,29067800
1970,2007-11-02,48.5,52.994999,47.525002,51.424999,8444600
1971,2007-11-05,52.424999,55.0,52.264999,54.16,6163600
1972,2007-11-06,53.5,53.52,49.025002,51.494999,4523200
1973,2007-11-07,50.34,52.48,50.290001,51.509998,2032000
1974,2007-11-08,51.82,52.650002,48.525002,51.32,2213400
1975,2007-11-09,50.009998,51.709999,50.0,51.134998,1330200
1976,2007-11-12,51.18,52.619999,51.060001,51.290001,874400
1977,2007-11-13,51.875,52.639999,51.77,52.259998,1082000
1978,2007-11-14,52.505001,52.985001,51.5,51.880001,1212600
1979,2007-11-15,51.875,52.240002,50.514999,51.145,797000
1980,2007-11-16,50.985001,51.639999,49.669998,49.994999,1794200
1981,2007-11-19,49.724998,50.959999,48.764999,48.875,2299000
1982,2007-11-20,48.775002,49.689999,48.200001,49.23,1202000
1983,2007-11-21,48.915001,49.735001,48.404999,48.830002,735600
1984,2007-11-23,49.014999,49.845001,48.625,49.535,228600
1985,2007-11-26,49.450001,50.419998,48.834999,48.945,986200
1986,2007-11-27,48.994999,50.5,48.994999,49.75,1161600
1987,2007-11-28,50.080002,51.575001,49.494999,51.150002,1610800
1988,2007-11-29,51.244999,52.009998,50.650002,51.369999,835000
1989,2007-11-30,51.720001,52.145,49.904999,50.040001,1262800
1990,2007-12-03,50.375,51.119999,49.755001,50.264999,1624000
1991,2007-12-04,50.889999,51.755001,50.014999,50.145,1250800
1992,2007-12-05,49.525002,50.689999,49.195,49.369999,2137600
1993,2007-12-06,49.25,49.73,47.805,49.040001,2115200
1994,2007-12-07,49.25,51.68,49.25,51.095001,2474800
1995,2007-12-10,50.865002,55.345001,50.865002,54.310001,4606800
1996,2007-12-11,54.235001,54.494999,52.285,52.580002,1387800
1997,2007-12-12,54.0,54.16,51.0,52.119999,1270800
1998,2007-12-13,51.775002,52.869999,50.945,52.790001,1272600
1999,2007-12-14,51.994999,54.419998,50.994999,51.380001,1631600
2000,2007-12-17,51.105,51.139999,49.514999,49.525002,1242800
2001,2007-12-18,49.619999,50.299999,48.880001,49.435001,1442400
2002,2007-12-19,49.435001,50.115002,49.205002,49.57,1136800
2003,2007-12-20,49.215,50.41,49.049999,50.305,784000
2004,2007-12-21,51.134998,51.200001,49.924999,49.924999,1154000
2005,2007-12-24,49.884998,51.435001,49.884998,50.189999,583800
2006,2007-12-26,49.994999,51.23,49.595001,50.314999,837600
2007,2007-12-27,50.415001,50.415001,48.764999,49.595001,876200
2008,2007-12-28,50.0,50.195,49.064999,49.264999,431200
2009,2007-12-31,49.145,49.380001,48.525002,48.825001,630000
2010,2008-01-02,48.845001,50.57,48.535,49.544998,1411400
2011,2008-01-03,49.52,51.494999,49.52,51.474998,1757000
2012,2008-01-04,50.639999,52.349998,50.634998,51.25,1606400
2013,2008-01-07,51.389999,53.48,51.255001,51.575001,2430800
2014,2008-01-08,51.25,51.25,49.044998,49.310001,3169200
2015,2008-01-09,49.205002,50.130001,49.205002,49.445,1417000
2016,2008-01-10,49.5,50.029999,48.310001,49.755001,1309400
2017,2008-01-11,49.264999,49.959999,48.75,49.255001,2353400
2018,2008-01-14,49.580002,49.639999,48.695,49.189999,802200
2019,2008-01-15,48.939999,48.985001,47.785,47.869999,1652600
2020,2008-01-16,47.645,48.5,47.029999,47.57,2710400
2021,2008-01-17,47.834999,48.224998,46.509998,46.509998,2040600
2022,2008-01-18,46.595001,47.57,46.154999,47.305,3034000
2023,2008-01-22,45.759998,47.165001,45.174999,45.349998,2137200
2024,2008-01-23,44.785,45.555,42.555,45.529999,3293400
2025,2008-01-24,45.560001,46.435001,44.325001,44.349998,1152400
2026,2008-01-25,44.900002,44.900002,42.689999,43.134998,1898800
2027,2008-01-28,43.009998,43.509998,42.404999,43.07,1057000
2028,2008-01-29,43.0,43.904999,42.735001,43.035,1038800
2029,2008-01-30,42.895,43.994999,42.424999,42.634998,1170600
2030,2008-01-31,42.139999,42.365002,41.650002,41.990002,1702800
2031,2008-02-01,42.224998,43.209999,42.0,42.744999,1925200
2032,2008-02-04,42.5,43.744999,42.5,43.57,1150400
2033,2008-02-05,43.0,43.915001,42.849998,43.154999,1013400
2034,2008-02-06,43.529999,43.529999,42.25,42.349998,1127400
2035,2008-02-07,42.025002,43.0,41.625,42.834999,1168600
2036,2008-02-08,42.974998,43.595001,42.415001,43.355,1000600
2037,2008-02-11,43.134998,44.549999,43.084999,44.48,1288600
2038,2008-02-12,44.580002,46.099998,44.575001,45.634998,2025600
2039,2008-02-13,45.974998,46.02,44.5,45.029999,1433600
2040,2008-02-14,45.009998,45.294998,44.005001,44.16,931400
2041,2008-02-15,43.970001,44.314999,43.380001,44.0,1077800
2042,2008-02-19,44.27,44.689999,43.580002,43.939999,1490200
2043,2008-02-20,43.724998,44.110001,42.445,42.465,1777800
2044,2008-02-21,42.599998,42.599998,40.294998,41.369999,3150200
2045,2008-02-22,41.514999,41.674999,40.105,40.990002,1904200
2046,2008-02-25,41.23,42.23,41.209999,41.860001,1103400
2047,2008-02-26,41.59,42.845001,41.59,42.445,1139000
2048,2008-02-27,42.424999,42.77,41.740002,42.049999,873000
2049,2008-02-28,42.0,42.605,41.82,41.970001,552200
2050,2008-02-29,42.595001,42.595001,41.555,42.084999,1167600
2051,2008-03-03,42.029999,42.5,41.279999,41.715,1076400
2052,2008-03-04,41.185001,42.224998,40.970001,41.290001,1121800
2053,2008-03-05,41.970001,41.990002,40.869999,41.360001,671800
2054,2008-03-06,41.07,41.599998,40.165001,40.185001,1145600
2055,2008-03-07,40.0,40.465,39.040001,39.169998,1197400
2056,2008-03-10,39.349998,39.349998,36.275002,37.400002,2557800
2057,2008-03-11,38.259998,38.525002,37.435001,38.48,1633800
2058,2008-03-12,38.380001,40.0,37.895,39.16,1472200
2059,2008-03-13,38.93,40.27,38.66,39.57,1437200
2060,2008-03-14,39.98,40.150002,38.724998,39.404999,1464200
2061,2008-03-17,38.834999,39.630001,38.505001,38.744999,926600
2062,2008-03-18,39.009998,40.720001,38.834999,40.619999,1420800
2063,2008-03-19,40.884998,42.235001,40.715,41.395,2572600
2064,2008-03-20,41.755001,42.330002,40.18,41.68,2382200
2065,2008-03-24,41.93,43.375,41.610001,42.625,1757200
2066,2008-03-25,42.779999,43.07,41.305,42.235001,1246800
2067,2008-03-26,41.924999,44.049999,41.924999,43.669998,1844200
2068,2008-03-27,43.73,44.805,43.695,44.244999,996600
2069,2008-03-28,44.360001,44.619999,42.970001,43.244999,679800
2070,2008-03-31,43.134998,43.889999,42.974998,43.349998,567200
2071,2008-04-01,43.610001,44.665001,43.419998,44.205002,751800
2072,2008-04-02,44.105,44.720001,43.619999,44.195,525400
2073,2008-04-03,43.880001,44.025002,42.974998,43.474998,1235600
2074,2008-04-04,43.599998,43.860001,43.139999,43.205002,500200
2075,2008-04-07,43.494999,43.75,42.505001,42.705002,555000
2076,2008-04-08,42.514999,42.625,42.009998,42.150002,462200
2077,2008-04-09,42.150002,42.150002,40.595001,41.080002,1937200
2078,2008-04-10,41.185001,43.049999,41.185001,42.369999,1089600
2079,2008-04-11,41.98,42.349998,41.735001,42.049999,674600
2080,2008-04-14,42.009998,42.125,41.255001,41.419998,923000
2081,2008-04-15,41.615002,41.849998,41.169998,41.744999,660000
2082,2008-04-16,41.77,42.465,41.549999,42.18,751200
2083,2008-04-17,42.264999,42.485001,41.125,42.174999,1219600
2084,2008-04-18,42.470001,42.810001,42.125,42.580002,1344000
2085,2008-04-21,42.595001,43.48,42.450001,43.334999,734000
2086,2008-04-22,43.25,43.389999,42.544998,43.09,586000
2087,2008-04-23,43.055,44.395,42.575001,43.619999,1285000
2088,2008-04-24,43.735001,44.549999,43.150002,43.994999,890400
2089,2008-04-25,44.084999,44.605,42.630001,43.255001,2675600
2090,2008-04-28,43.134998,44.91,43.060001,44.509998,1219600
2091,2008-04-29,44.0,44.0,42.509998,42.990002,1780400
2092,2008-04-30,42.994999,43.575001,41.939999,42.25,780600
2093,2008-05-01,42.5,43.974998,42.5,43.645,2159800
2094,2008-05-02,44.5,45.560001,43.625,45.544998,2232000
2095,2008-05-05,45.685001,46.615002,45.685001,46.209999,1783200
2096,2008-05-06,45.93,46.435001,44.950001,46.174999,1291400
2097,2008-05-07,46.040001,46.555,45.040001,45.355,808800
2098,2008-05-08,45.360001,45.970001,44.884998,45.384998,1002400
2099,2008-05-09,44.740002,45.115002,44.439999,44.935001,1123000
2100,2008-05-12,45.355,46.790001,44.98,46.505001,1574600
2101,2008-05-13,46.360001,46.93,45.950001,46.455002,855000
2102,2008-05-14,46.43,47.075001,46.43,46.709999,951400
2103,2008-05-15,46.619999,46.66,45.215,45.540001,1466200
2104,2008-05-16,45.790001,46.305,45.044998,46.294998,1212800
2105,2008-05-19,46.375,46.974998,45.630001,46.549999,1569200
2106,2008-05-20,46.625,47.02,45.855,45.945,1065800
2107,2008-05-21,46.125,46.235001,43.715,44.474998,2686000
2108,2008-05-22,44.650002,46.115002,43.5,45.595001,2266000
2109,2008-05-23,45.365002,46.029999,45.235001,46.025002,823600
2110,2008-05-27,46.165001,47.349998,46.035,47.200001,1551200
2111,2008-05-28,47.485001,47.985001,46.264999,46.845001,1144000
2112,2008-05-29,46.884998,47.985001,46.509998,47.720001,997800
2113,2008-05-30,48.014999,48.014999,47.165001,47.755001,732000
2114,2008-06-02,47.755001,47.755001,46.974998,47.255001,935600
2115,2008-06-03,47.485001,47.485001,46.285,47.029999,1138400
2116,2008-06-04,46.764999,48.0,46.595001,47.900002,807200
2117,2008-06-05,47.805,49.095001,47.665001,48.345001,1451600
2118,2008-06-06,48.125,48.849998,47.794998,48.139999,584000
2119,2008-06-09,48.115002,48.23,46.775002,47.5,745600
2120,2008-06-10,47.255001,47.419998,46.82,47.095001,481400
2121,2008-06-11,47.009998,47.235001,46.735001,46.735001,544200
2122,2008-06-12,46.970001,48.279999,46.605,47.375,908800
2123,2008-06-13,47.435001,48.25,47.305,47.884998,405200
2124,2008-06-16,47.799999,48.735001,47.514999,48.52,713200
2125,2008-06-17,48.455002,48.514999,47.950001,48.154999,505200
2126,2008-06-18,47.82,48.150002,47.005001,47.310001,703200
2127,2008-06-19,47.285,47.93,47.220001,47.709999,614400
2128,2008-06-20,47.419998,47.75,47.055,47.549999,692200
2129,2008-06-23,47.599998,47.814999,46.724998,47.064999,571400
2130,2008-06-24,46.764999,47.439999,46.279999,46.290001,810600
2131,2008-06-25,46.310001,46.810001,46.134998,46.724998,845800
2132,2008-06-26,46.345001,47.34,46.345001,46.93,374800
2133,2008-06-27,47.009998,48.474998,46.455002,48.220001,1274200
2134,2008-06-30,48.150002,49.220001,48.060001,48.875,827000
2135,2008-07-01,48.255001,51.474998,48.174999,51.474998,1765200
2136,2008-07-02,51.619999,53.380001,51.18,52.830002,2597400
2137,2008-07-03,52.849998,53.119999,51.049999,51.349998,696800
2138,2008-07-07,50.299999,50.794998,49.27,49.845001,1402200
2139,2008-07-08,50.064999,50.349998,49.299999,50.025002,1171400
2140,2008-07-09,49.610001,51.275002,49.5,49.955002,1821400
2141,2008-07-10,49.990002,51.494999,49.599998,51.115002,952400
2142,2008-07-11,50.759998,51.18,49.505001,50.115002,884600
2143,2008-07-14,50.575001,50.575001,49.09,49.685001,1000800
2144,2008-07-15,49.5,53.185001,49.380001,52.724998,1726200
2145,2008-07-16,52.830002,53.025002,52.0,52.695,1059000
2146,2008-07-17,52.895,54.990002,52.389999,53.799999,1370800
2147,2008-07-18,53.965,54.095001,52.825001,52.985001,589600
2148,2008-07-21,53.695,53.695,52.535,52.98,1348600
2149,2008-07-22,52.5,53.25,52.18,52.549999,1236000
2150,2008-07-23,52.549999,52.785,52.145,52.57,676400
2151,2008-07-24,52.814999,53.23,52.224998,52.48,447800
2152,2008-07-25,52.5,53.055,52.09,52.48,866400
2153,2008-07-28,52.345001,53.435001,51.494999,51.845001,645000
2154,2008-07-29,52.084999,53.060001,51.82,52.395,1173600
2155,2008-07-30,52.855,55.0,52.855,53.41,1439400
2156,2008-07-31,52.529999,58.91,52.005001,56.695,3012800
2157,2008-08-01,57.025002,58.049999,56.275002,57.200001,1585000
2158,2008-08-04,57.0,57.169998,56.025002,56.875,1222800
2159,2008-08-05,55.785,58.305,55.580002,57.990002,1703200
2160,2008-08-06,58.064999,58.709999,56.400002,56.445,1234400
2161,2008-08-07,56.255001,57.18,54.435001,54.485001,1348200
2162,2008-08-08,54.275002,56.755001,54.209999,54.855,1920200
2163,2008-08-11,55.654999,56.5,55.174999,56.189999,693600
2164,2008-08-12,54.654999,55.325001,54.07,54.314999,2787400
2165,2008-08-13,54.200001,54.424999,53.395,53.759998,1368000
2166,2008-08-14,53.645,55.240002,52.564999,54.945,1462200
2167,2008-08-15,55.625,55.799999,54.415001,54.98,971000
2168,2008-08-18,55.110001,55.459999,53.150002,53.450001,850200
2169,2008-08-19,53.5,53.950001,52.625,52.965,520000
2170,2008-08-20,52.755001,53.110001,52.02,52.34,709000
2171,2008-08-21,51.990002,52.485001,51.215,52.240002,754600
2172,2008-08-22,52.375,53.41,52.139999,53.200001,585200
2173,2008-08-25,53.34,53.560001,52.055,52.580002,552000
2174,2008-08-26,52.505001,52.740002,51.465,51.945,617800
2175,2008-08-27,51.884998,51.884998,50.535,51.615002,1192200
2176,2008-08-28,51.285,53.474998,51.285,53.18,895200
2177,2008-08-29,52.939999,53.73,52.764999,53.064999,643600
2178,2008-09-02,53.544998,54.43,52.965,53.450001,934600
2179,2008-09-03,53.505001,54.145,52.705002,54.134998,1627600
2180,2008-09-04,54.285,55.060001,53.470001,53.880001,934000
2181,2008-09-05,53.5,55.134998,52.290001,54.709999,1349600
2182,2008-09-08,56.09,56.209999,54.255001,54.724998,889800
2183,2008-09-09,54.505001,55.810001,53.950001,54.34,787200
2184,2008-09-10,56.0,56.959999,55.445,56.884998,3004200
2185,2008-09-11,55.915001,57.049999,55.790001,56.625,1551600
2186,2008-09-12,56.005001,57.095001,55.880001,56.66,6411400
2187,2008-09-15,55.005001,56.970001,54.27,54.82,1388600
2188,2008-09-16,53.744999,55.785,52.775002,55.224998,1163800
2189,2008-09-17,54.07,54.73,51.950001,51.950001,1709400
2190,2008-09-18,51.625,53.224998,50.950001,53.0,1792000
2191,2008-09-19,55.25,56.985001,52.005001,54.5,3302000
2192,2008-09-22,54.285,55.0,52.884998,52.994999,741000
2193,2008-09-23,54.830002,57.294998,52.77,53.455002,602800
2194,2008-09-24,54.950001,54.959999,53.32,53.889999,738200
2195,2008-09-25,53.93,55.255001,53.674999,55.0,1273000
2196,2008-09-26,55.34,56.169998,53.834999,55.400002,922200
2197,2008-09-29,54.0,55.080002,52.880001,53.02,1102600
2198,2008-09-30,52.884998,53.380001,52.009998,52.584999,992000
2199,2008-10-01,52.575001,54.18,52.575001,53.02,912200
2200,2008-10-02,53.185001,53.990002,51.485001,51.990002,1117400
2201,2008-10-03,52.244999,52.334999,49.775002,50.275002,1482200
2202,2008-10-06,49.369999,49.474998,45.145,47.419998,1848000
2203,2008-10-07,47.259998,48.970001,46.610001,46.77,1797800
2204,2008-10-08,45.849998,50.130001,45.145,48.380001,2016800
2205,2008-10-09,48.215,49.974998,45.34,45.764999,1155200
2206,2008-10-10,44.849998,45.75,41.869999,45.185001,1854000
2207,2008-10-13,46.275002,48.369999,45.689999,48.349998,824400
2208,2008-10-14,48.59,49.375,46.855,47.560001,886600
2209,2008-10-15,46.634998,47.77,44.990002,45.009998,1031800
2210,2008-10-16,45.0,47.860001,43.509998,47.674999,1131400
2211,2008-10-17,46.355,49.799999,46.355,48.064999,1191800
2212,2008-10-20,48.805,50.48,47.98,50.43,807200
2213,2008-10-21,50.115002,51.5,49.209999,50.384998,1056600
2214,2008-10-22,50.009998,52.049999,49.305,50.290001,986200
2215,2008-10-23,50.25,50.764999,45.0,46.915001,1513200
2216,2008-10-24,43.610001,46.049999,43.060001,44.439999,1128800
2217,2008-10-27,43.735001,44.0,40.375,40.485001,1637600
2218,2008-10-28,40.785,41.529999,37.32,38.365002,2041800
2219,2008-10-29,39.095001,40.740002,37.514999,39.825001,1913000
2220,2008-10-30,40.924999,42.950001,40.0,42.25,1503600
2221,2008-10-31,42.490002,44.130001,42.005001,43.615002,1220600
2222,2008-11-03,43.869999,45.145,43.5,45.009998,822000
2223,2008-11-04,45.244999,45.244999,41.615002,43.450001,1912000
2224,2008-11-05,43.299999,44.165001,42.875,43.549999,930200
2225,2008-11-06,43.105,43.955002,41.93,42.810001,1031400
2226,2008-11-07,42.970001,44.365002,42.330002,44.125,797200
2227,2008-11-10,44.52,44.52,42.595001,43.195,1059200
2228,2008-11-11,42.855,45.674999,42.209999,44.950001,2097000
2229,2008-11-12,43.845001,45.955002,43.485001,44.424999,1843800
2230,2008-11-13,44.349998,46.98,42.775002,46.945,1564000
2231,2008-11-14,46.619999,46.650002,44.34,45.259998,1404600
2232,2008-11-17,30.254999,31.084999,28.145,29.309999,17493600
2233,2008-11-18,29.41,29.530001,26.950001,27.700001,5169800
2234,2008-11-19,27.75,28.225,25.684999,25.785,2966600
2235,2008-11-20,25.555,26.139999,24.32,24.504999,4024600
2236,2008-11-21,24.875,24.985001,23.815001,24.940001,2312000
2237,2008-11-24,25.055,25.725,24.309999,25.315001,2289400
2238,2008-11-25,25.344999,27.174999,24.665001,27.065001,2227600
2239,2008-11-26,26.49,28.200001,25.565001,27.795,1409400
2240,2008-11-28,27.4,27.635,26.67,27.415001,337400
2241,2008-12-01,26.870001,26.98,25.540001,25.625,1443000
2242,2008-12-02,26.035,26.334999,24.6,26.004999,2475600
2243,2008-12-03,25.555,26.645,25.365,26.25,2058600
2244,2008-12-04,26.205,26.57,25.27,25.67,1876200
2245,2008-12-05,25.334999,26.959999,24.799999,26.865,1158600
2246,2008-12-08,27.280001,28.5,27.055,28.065001,1814800
2247,2008-12-09,27.84,29.200001,27.635,28.084999,1565200
2248,2008-12-10,28.35,29.325001,28.139999,28.365,853800
2249,2008-12-11,28.155001,28.635,27.01,27.5,1827200
2250,2008-12-12,27.084999,29.245001,26.41,29.24,1457800
2251,2008-12-15,29.450001,29.65,27.92,28.35,1023200
2252,2008-12-16,28.5,30.264999,28.405001,30.1,1566200
2253,2008-12-17,29.719999,31.285,29.719999,30.4,1188200
2254,2008-12-18,30.725,31.924999,30.725,31.455,1321800
2255,2008-12-19,31.115,32.0,30.495001,31.35,1751800
2256,2008-12-22,31.620001,31.620001,29.879999,30.75,1100200
2257,2008-12-23,30.754999,30.99,29.84,30.705,612600
2258,2008-12-24,30.76,30.775,30.125,30.57,292800
2259,2008-12-26,30.674999,30.875,30.344999,30.75,316800
2260,2008-12-29,30.844999,30.844999,29.895,30.365,593600
2261,2008-12-30,30.73,30.879999,30.35,30.725,528800
2262,2008-12-31,31.040001,31.52,30.860001,31.275,904800
2263,2009-01-02,30.745001,32.185001,30.745001,32.055,859600
2264,2009-01-05,32.115002,32.555,31.49,32.5,695600
2265,2009-01-06,32.755001,33.700001,32.57,32.970001,1109400
2266,2009-01-07,32.459999,32.990002,32.005001,32.759998,871400
2267,2009-01-08,32.360001,32.860001,31.865,32.735001,773800
2268,2009-01-09,32.400002,32.68,31.575001,31.75,744200
2269,2009-01-12,31.879999,32.669998,31.045,31.190001,1406400
2270,2009-01-13,31.405001,32.310001,30.93,31.459999,1497800
2271,2009-01-14,31.190001,31.5,30.094999,30.450001,1290600
2272,2009-01-15,30.42,31.625,29.940001,31.594999,919000
2273,2009-01-16,31.645,31.645,30.5,31.370001,798200
2274,2009-01-20,31.23,31.5,30.870001,31.0,1176600
2275,2009-01-21,31.174999,31.885,30.705,31.620001,1043000
2276,2009-01-22,31.530001,32.525002,31.5,31.950001,1018400
2277,2009-01-23,31.684999,32.990002,31.299999,32.355,885800
2278,2009-01-26,32.560001,33.25,32.424999,32.665001,672400
2279,2009-01-27,32.779999,33.584999,32.775002,33.154999,443600
2280,2009-01-28,33.41,34.169998,33.105,33.985001,629200
2281,2009-01-29,33.695,34.400002,33.384998,33.915001,806800
2282,2009-01-30,34.150002,34.310001,33.700001,33.974998,681400
2283,2009-02-02,33.455002,33.860001,33.195,33.325001,806200
2284,2009-02-03,33.419998,34.009998,33.139999,34.009998,1298400
2285,2009-02-04,34.16,34.16,33.145,33.75,1279200
2286,2009-02-05,33.595001,34.985001,33.595001,34.785,1391400
2287,2009-02-06,34.915001,35.5,34.830002,35.299999,1411200
2288,2009-02-09,35.080002,35.634998,34.974998,35.584999,681200
2289,2009-02-10,35.584999,36.25,34.695,34.970001,901000
2290,2009-02-11,34.799999,35.215,34.57,35.025002,469200
2291,2009-02-12,34.634998,35.91,34.555,35.805,1071800
2292,2009-02-13,35.715,36.5,35.490002,36.220001,845800
2293,2009-02-17,36.0,36.669998,34.955002,36.365002,1672800
2294,2009-02-18,36.314999,36.494999,35.740002,36.09,1681600
2295,2009-02-19,36.215,36.555,35.029999,35.174999,848600
2296,2009-02-20,34.889999,35.095001,34.305,34.59,1390600
2297,2009-02-23,34.59,36.134998,34.465,35.5,1316600
2298,2009-02-24,35.810001,36.634998,35.349998,36.424999,1037600
2299,2009-02-25,36.150002,37.174999,35.84,36.639999,1021000
2300,2009-02-26,36.695,36.895,34.384998,34.950001,1267800
2301,2009-02-27,34.634998,34.845001,33.349998,33.555,1182400
2302,2009-03-02,33.435001,33.459999,31.35,31.51,1415200
2303,2009-03-03,32.215,32.404999,31.040001,31.905001,1499800
2304,2009-03-04,32.084999,33.195,31.745001,32.814999,804600
2305,2009-03-05,32.314999,32.584999,31.155001,31.405001,607800
2306,2009-03-06,31.684999,32.125,31.07,31.48,758600
2307,2009-03-09,31.5,32.41,31.450001,31.709999,507000
2308,2009-03-10,32.25,32.84,31.17,31.565001,1392400
2309,2009-03-11,31.82,32.205002,29.395,29.594999,1976600
2310,2009-03-12,29.655001,31.495001,29.370001,31.27,1318400
2311,2009-03-13,31.32,33.575001,31.200001,33.139999,1711800
2312,2009-03-16,29.950001,31.17,29.594999,29.85,4643200
2313,2009-03-17,29.559999,31.299999,29.280001,31.299999,1883400
2314,2009-03-18,31.32,32.549999,30.969999,31.535,1319600
2315,2009-03-19,31.66,31.695,30.995001,31.290001,837600
2316,2009-03-20,31.434999,31.705,30.870001,30.99,1277400
2317,2009-03-23,31.334999,32.360001,30.844999,32.360001,994600
2318,2009-03-24,32.169998,32.75,31.82,32.389999,957200
2319,2009-03-25,32.419998,33.419998,32.055,33.209999,781800
2320,2009-03-26,33.325001,33.785,32.759998,33.650002,1330600
2321,2009-03-27,33.255001,34.200001,33.18,33.450001,748000
2322,2009-03-30,33.029999,33.349998,32.599998,33.095001,1070600
2323,2009-03-31,33.435001,33.985001,32.889999,33.044998,2137000
2324,2009-04-01,32.540001,32.82,32.165001,32.77,1028200
2325,2009-04-02,33.365002,33.529999,32.650002,32.98,975200
2326,2009-04-03,33.07,33.235001,32.075001,32.404999,849400
2327,2009-04-06,32.395,32.705002,31.405001,32.029999,1230400
2328,2009-04-07,31.674999,31.719999,30.719999,30.91,1344800
2329,2009-04-08,31.145,31.145,30.625,31.110001,687000
2330,2009-04-09,31.615,32.224998,31.075001,31.91,1048200
2331,2009-04-13,31.459999,32.310001,31.459999,31.705,1155400
2332,2009-04-14,31.415001,32.060001,31.135,31.245001,974400
2333,2009-04-15,30.965,31.415001,29.9,30.264999,1955800
2334,2009-04-16,30.5,30.58,29.65,30.110001,1158200
2335,2009-04-17,30.215,30.67,30.004999,30.084999,748400
2336,2009-04-20,29.049999,29.27,28.18,28.389999,1455600
2337,2009-04-21,28.35,28.405001,27.344999,27.855,1912400
2338,2009-04-22,27.700001,28.715,27.459999,28.165001,1458000
2339,2009-04-23,28.200001,28.5,27.540001,28.325001,1516000
2340,2009-04-24,28.219999,29.27,28.01,28.889999,1407400
2341,2009-04-27,28.594999,29.555,28.594999,29.389999,887400
2342,2009-04-28,28.950001,29.33,28.950001,29.030001,1324200
2343,2009-04-29,29.735001,31.575001,29.73,31.035,2252400
2344,2009-04-30,31.32,32.209999,31.25,31.405001,1718200
2345,2009-05-01,31.360001,32.965,30.27,32.674999,1824400
2346,2009-05-04,33.724998,33.724998,32.945,33.57,1418400
2347,2009-05-05,33.540001,33.740002,32.355,33.224998,909600
2348,2009-05-06,33.535,33.555,31.860001,32.040001,879800
2349,2009-05-07,32.330002,32.68,31.975,32.240002,690800
2350,2009-05-08,32.244999,32.560001,31.98,32.314999,735200
2351,2009-05-11,32.080002,33.099998,31.860001,32.775002,993000
2352,2009-05-12,32.720001,32.93,32.27,32.654999,574800
2353,2009-05-13,32.145,32.630001,31.58,31.59,1017200
2354,2009-05-14,31.965,32.02,31.48,31.629999,1051400
2355,2009-05-15,31.860001,32.0,31.215,31.799999,1137400
2356,2009-05-18,32.18,32.404999,31.42,32.0,993600
2357,2009-05-19,32.0,32.365002,31.355,32.255001,1334600
2358,2009-05-20,32.549999,33.855,32.455002,33.23,1476400
2359,2009-05-21,32.895,33.605,32.665001,33.18,852000
2360,2009-05-22,33.305,33.689999,32.68,33.27,839600
2361,2009-05-26,36.25,37.325001,36.0,37.215,5230800
2362,2009-05-27,37.32,39.619999,37.055,39.185001,3191000
2363,2009-05-28,39.105,40.349998,39.084999,39.965,2245200
2364,2009-05-29,39.66,40.075001,39.325001,39.965,1578600
2365,2009-06-01,39.974998,40.330002,39.615002,40.009998,1194000
2366,2009-06-02,39.395,41.040001,39.395,40.540001,944800
2367,2009-06-03,40.220001,41.869999,40.200001,41.41,1036400
2368,2009-06-04,41.099998,41.805,40.75,41.205002,691800
2369,2009-06-05,41.57,41.814999,40.705002,41.619999,604000
2370,2009-06-08,40.974998,41.715,40.625,41.23,505800
2371,2009-06-09,41.200001,41.625,41.044998,41.5,345400
2372,2009-06-10,41.630001,41.744999,40.98,41.455002,471000
2373,2009-06-11,41.645,43.255001,41.404999,42.525002,1300600
2374,2009-06-12,42.625,42.91,42.075001,42.470001,529400
2375,2009-06-15,42.02,42.25,41.150002,41.529999,659600
2376,2009-06-16,41.535,41.91,40.935001,41.209999,1256800
2377,2009-06-17,41.244999,42.705002,41.244999,41.959999,965600
2378,2009-06-18,41.855,42.105,41.32,41.514999,764800
2379,2009-06-19,42.145,42.34,41.345001,41.349998,1110000
2380,2009-06-22,41.400002,41.560001,40.165001,40.595001,868400
2381,2009-06-23,40.915001,41.665001,40.349998,40.75,684600
2382,2009-06-24,41.119999,41.715,40.514999,41.470001,620800
2383,2009-06-25,41.369999,42.924999,41.0,42.924999,1037800
2384,2009-06-26,43.0,43.275002,40.955002,41.139999,8908600
2385,2009-06-29,41.669998,41.990002,40.695,41.759998,1204600
2386,2009-06-30,41.985001,42.400002,41.154999,41.665001,967000
2387,2009-07-01,41.700001,42.490002,41.474998,41.685001,882400
2388,2009-07-02,41.0,41.25,40.185001,41.055,744600
2389,2009-07-06,40.915001,40.915001,39.639999,40.334999,1098400
2390,2009-07-07,39.889999,40.294998,38.974998,39.314999,704800
2391,2009-07-08,39.360001,40.115002,39.360001,39.945,838600
2392,2009-07-09,39.98,40.424999,39.740002,40.255001,621800
2393,2009-07-10,40.014999,40.865002,39.924999,40.355,563200
2394,2009-07-13,40.5,40.700001,39.880001,40.650002,959400
2395,2009-07-14,40.525002,42.154999,40.02,41.884998,1508400
2396,2009-07-15,42.275002,42.275002,41.404999,42.009998,999600
2397,2009-07-16,42.060001,42.110001,41.494999,41.715,1133800
2398,2009-07-17,41.834999,41.985001,40.994999,41.75,810200
2399,2009-07-20,41.945,42.900002,41.525002,42.529999,1214400
2400,2009-07-21,42.900002,43.490002,42.805,42.875,1419400
2401,2009-07-22,42.900002,43.200001,42.005001,42.244999,1296800
2402,2009-07-23,42.5,43.595001,42.099998,42.799999,878400
2403,2009-07-24,42.759998,43.900002,42.759998,43.610001,1044400
2404,2009-07-27,43.700001,44.360001,43.299999,43.419998,617800
2405,2009-07-28,43.25,43.93,43.0,43.099998,910800
2406,2009-07-29,43.130001,43.860001,42.709999,42.759998,1317600
2407,2009-07-30,43.419998,48.349998,42.77,47.794998,9170000
2408,2009-07-31,47.514999,48.494999,45.0,46.310001,4028800
2409,2009-08-03,45.509998,47.279999,45.509998,47.220001,1896600
2410,2009-08-04,46.93,48.110001,46.735001,48.105,852400
2411,2009-08-05,47.5,48.075001,46.775002,47.415001,1384800
2412,2009-08-06,47.115002,47.115002,45.77,45.919998,1418000
2413,2009-08-07,46.099998,46.395,45.529999,45.974998,665800
2414,2009-08-10,45.509998,46.205002,45.325001,45.935001,495000
2415,2009-08-11,45.445,46.25,45.369999,45.470001,322600
2416,2009-08-12,45.474998,46.055,45.005001,45.535,776200
2417,2009-08-13,45.525002,45.875,45.0,45.875,300400
2418,2009-08-14,45.509998,46.0,45.07,45.689999,350800
2419,2009-08-17,45.205002,45.52,44.974998,45.115002,1583400
2420,2009-08-18,45.305,45.810001,45.0,45.610001,559200
2421,2009-08-19,45.25,46.805,45.25,46.299999,1015200
2422,2009-08-20,46.575001,46.860001,45.974998,46.369999,747800
2423,2009-08-21,46.599998,47.044998,46.375,46.764999,662800
2424,2009-08-24,47.115002,47.119999,45.43,45.5,813000
2425,2009-08-25,46.095001,46.345001,45.5,45.645,714600
2426,2009-08-26,45.744999,46.465,45.450001,45.540001,481800
2427,2009-08-27,46.404999,46.404999,45.049999,45.599998,542200
2428,2009-08-28,45.75,46.209999,45.450001,46.060001,389400
2429,2009-08-31,45.715,46.384998,45.365002,45.755001,718000
2430,2009-09-01,45.75,46.605,45.355,45.595001,528200
2431,2009-09-02,45.75,46.869999,45.75,46.169998,696000
2432,2009-09-03,45.889999,46.389999,45.349998,45.799999,447800
2433,2009-09-04,45.634998,46.610001,45.575001,46.610001,232200
2434,2009-09-08,46.75,47.785,46.16,47.369999,571800
2435,2009-09-09,47.25,48.91,47.185001,48.5,656200
2436,2009-09-10,48.630001,49.424999,48.555,48.919998,450800
2437,2009-09-11,48.830002,49.865002,48.830002,49.75,503000
2438,2009-09-14,49.689999,49.825001,49.459999,49.73,374400
2439,2009-09-15,49.66,50.25,49.209999,50.09,288600
2440,2009-09-16,50.055,50.455002,49.474998,50.294998,358600
2441,2009-09-17,50.09,50.48,49.615002,50.09,253000
2442,2009-09-18,50.110001,50.445,49.485001,49.5,690400
2443,2009-09-21,49.459999,49.794998,49.185001,49.575001,383200
2444,2009-09-22,49.52,49.915001,48.525002,48.810001,834600
2445,2009-09-23,48.279999,49.25,47.560001,47.75,571700
2446,2009-09-24,47.77,48.639999,47.619999,48.619999,437400
2447,2009-09-25,48.509998,49.689999,48.459999,48.93,476000
2448,2009-09-28,48.91,49.91,48.91,49.560001,326100
2449,2009-09-29,49.549999,49.98,48.669998,48.740002,318300
2450,2009-09-30,49.009998,49.720001,48.259998,48.990002,675400
2451,2009-10-01,48.459999,49.459999,47.91,47.93,520600
2452,2009-10-02,47.689999,48.290001,45.790001,45.950001,704000
2453,2009-10-05,46.240002,46.439999,45.130001,45.330002,805300
2454,2009-10-06,45.669998,46.93,44.59,46.169998,1124600
2455,2009-10-07,45.959999,46.380001,45.75,45.93,361800
2456,2009-10-08,46.32,46.990002,44.740002,44.919998,792900
2457,2009-10-09,44.720001,44.919998,43.5,43.849998,1108300
2458,2009-10-12,44.209999,44.709999,43.849998,44.220001,590600
2459,2009-10-13,44.299999,44.580002,43.529999,44.349998,700400
2460,2009-10-14,44.610001,44.68,43.91,44.380001,940700
2461,2009-10-15,44.189999,46.099998,44.0,45.73,1148800
2462,2009-10-16,45.669998,46.029999,44.990002,45.0,683900
2463,2009-10-19,45.049999,45.27,44.27,44.400002,559800
2464,2009-10-20,44.299999,44.5,41.740002,41.98,1511500
2465,2009-10-21,42.060001,42.790001,41.360001,41.400002,982900
2466,2009-10-22,41.52,42.41,41.110001,42.349998,435400
2467,2009-10-23,42.330002,42.950001,41.990002,42.580002,791600
2468,2009-10-26,42.470001,42.68,41.369999,41.610001,382000
2469,2009-10-27,41.610001,42.360001,41.450001,42.16,484900
2470,2009-10-28,42.110001,42.110001,40.330002,40.630001,794100
2471,2009-10-29,41.279999,43.57,41.0,43.41,1719500
2472,2009-10-30,43.040001,43.700001,42.360001,42.540001,932800
2473,2009-11-02,42.52,43.0,42.009998,42.27,643700
2474,2009-11-03,41.91,42.799999,41.810001,42.700001,359100
2475,2009-11-04,42.990002,43.619999,42.5,42.630001,554400
2476,2009-11-05,43.040001,43.68,42.919998,43.150002,712400
2477,2009-11-06,42.790001,43.57,42.27,43.0,515000
2478,2009-11-09,43.349998,43.349998,42.400002,43.080002,380400
2479,2009-11-10,42.82,43.349998,42.509998,43.25,366100
2480,2009-11-11,43.16,43.450001,42.73,43.34,465800
2481,2009-11-12,43.119999,43.27,42.139999,42.189999,340800
2482,2009-11-13,42.389999,42.810001,41.509998,41.73,432200
2483,2009-11-16,42.040001,43.700001,41.810001,43.689999,487200
2484,2009-11-17,43.389999,44.799999,43.200001,44.700001,812900
2485,2009-11-18,44.830002,45.490002,44.700001,45.279999,642300
2486,2009-11-19,44.939999,44.990002,44.41,44.810001,671400
2487,2009-11-20,44.5,45.080002,44.25,44.91,627100
2488,2009-11-23,45.369999,45.990002,44.32,44.700001,711700
2489,2009-11-24,44.84,45.560001,44.610001,45.5,422400
2490,2009-11-25,45.34,46.040001,45.23,45.799999,457800
2491,2009-11-27,44.84,46.23,44.700001,45.740002,177500
2492,2009-11-30,45.84,46.110001,45.189999,45.59,470900
2493,2009-12-01,45.810001,46.029999,45.580002,45.830002,274400
2494,2009-12-02,45.66,46.650002,45.490002,46.18,359700
2495,2009-12-03,46.23,46.490002,45.189999,45.290001,281400
2496,2009-12-04,45.720001,46.330002,44.650002,45.189999,807600
2497,2009-12-07,45.060001,45.52,44.400002,44.73,263700
2498,2009-12-08,44.639999,45.09,44.349998,44.43,325400
2499,2009-12-09,44.369999,45.439999,44.060001,45.279999,278100
2500,2009-12-10,45.439999,46.419998,45.16,46.349998,345200
2501,2009-12-11,46.349998,46.93,46.349998,46.700001,366800
2502,2009-12-14,46.740002,47.27,46.509998,47.080002,364000
2503,2009-12-15,46.75,47.200001,46.5,47.139999,443200
2504,2009-12-16,47.25,51.0,47.25,50.32,1656600
2505,2009-12-17,50.279999,52.790001,50.060001,52.040001,1699100
2506,2009-12-18,52.400002,53.5,51.93,52.02,1215900
2507,2009-12-21,52.02,52.389999,51.369999,51.639999,1039400
2508,2009-12-22,51.599998,52.98,51.599998,52.84,782400
2509,2009-12-23,52.779999,53.57,52.610001,52.880001,368300
2510,2009-12-24,53.0,53.0,52.470001,52.759998,71400
2511,2009-12-28,53.0,53.0,52.630001,52.799999,399700
2512,2009-12-29,52.889999,52.990002,52.25,52.650002,164400
2513,2009-12-30,52.470001,52.959999,52.040001,52.43,303900
2514,2009-12-31,52.599998,52.91,51.959999,52.650002,312100
2515,2010-01-04,52.880001,54.049999,52.459999,53.439999,654100
2516,2010-01-05,53.540001,54.119999,53.07,53.27,516500
2517,2010-01-06,53.380001,54.18,53.279999,54.099998,565700
2518,2010-01-07,53.220001,55.470001,53.200001,55.470001,1171700
2519,2010-01-08,55.400002,55.66,54.540001,54.82,460700
2520,2010-01-11,55.0,55.689999,54.689999,54.77,605200
2521,2010-01-12,54.439999,55.900002,54.029999,55.73,608200
2522,2010-01-13,55.73,57.25,55.549999,56.630001,718500
2523,2010-01-14,57.189999,59.73,56.169998,59.73,2027400
2524,2010-01-15,59.639999,59.720001,57.560001,58.16,1828800
2525,2010-01-19,58.0,59.48,57.880001,58.290001,672100
2526,2010-01-20,57.959999,58.91,57.48,57.939999,967200
2527,2010-01-21,58.150002,58.349998,56.5,57.740002,1080500
2528,2010-01-22,57.860001,59.450001,57.860001,58.450001,797100
2529,2010-01-25,59.09,59.23,57.439999,58.200001,475900
2530,2010-01-26,58.240002,58.959999,57.049999,57.650002,1461700
2531,2010-01-27,57.369999,57.639999,57.029999,57.560001,596000
2532,2010-01-28,57.860001,59.66,57.599998,59.07,2809100
2533,2010-01-29,59.400002,60.349998,59.400002,59.57,756700
2534,2010-02-01,59.799999,60.0,59.119999,59.59,425700
2535,2010-02-02,59.259998,61.970001,59.060001,61.459999,1249300
2536,2010-02-03,61.5,61.919998,56.91,59.389999,1080400
2537,2010-02-04,58.880001,58.919998,55.970001,56.450001,860100
2538,2010-02-05,56.360001,57.169998,55.939999,56.93,598900
2539,2010-02-08,57.150002,58.200001,57.09,57.290001,457400
2540,2010-02-09,57.490002,59.189999,57.490002,58.630001,666800
2541,2010-02-10,58.490002,59.779999,58.369999,59.34,504000
2542,2010-02-11,59.09,60.48,58.709999,60.34,549000
2543,2010-02-12,60.150002,60.43,59.099998,59.970001,924100
2544,2010-02-16,59.279999,59.299999,55.860001,57.189999,1406600
2545,2010-02-17,57.59,58.310001,57.060001,57.849998,613300
2546,2010-02-18,57.41,57.93,55.82,56.009998,1259100
2547,2010-02-19,53.0,55.299999,52.900002,54.849998,2342700
2548,2010-02-22,54.52,55.52,54.52,55.060001,700900
2549,2010-02-23,55.130001,55.43,54.41,54.93,453400
2550,2010-02-24,54.860001,55.950001,54.619999,55.68,607000
2551,2010-02-25,55.150002,56.630001,54.84,56.599998,597000
2552,2010-02-26,56.490002,57.450001,56.259998,57.41,716900
2553,2010-03-01,57.389999,58.720001,56.599998,58.48,813400
2554,2010-03-02,58.709999,59.130001,58.400002,58.580002,1071000
2555,2010-03-03,58.869999,59.220001,58.470001,58.59,329000
2556,2010-03-04,58.259998,58.259998,56.869999,57.57,580300
2557,2010-03-05,57.990002,58.68,57.970001,58.459999,204600
2558,2010-03-08,58.52,59.299999,58.0,59.299999,1202900
2559,2010-03-09,59.209999,59.849998,58.830002,59.099998,379900
2560,2010-03-10,59.099998,59.880001,59.099998,59.669998,399400
2561,2010-03-11,59.380001,59.91,59.0,59.43,330100
2562,2010-03-12,59.389999,59.389999,58.43,58.759998,665500
2563,2010-03-15,58.360001,58.529999,55.900002,57.150002,1171900
2564,2010-03-16,57.049999,57.389999,56.619999,56.98,640100
2565,2010-03-17,57.139999,57.869999,56.540001,56.790001,493800
2566,2010-03-18,56.580002,57.349998,55.970001,57.110001,570200
2567,2010-03-19,57.349998,57.689999,56.919998,56.98,590200
2568,2010-03-22,56.939999,57.110001,56.09,56.68,539400
2569,2010-03-23,56.540001,57.419998,56.209999,56.91,316500
2570,2010-03-24,56.619999,57.23,56.259998,56.310001,414200
2571,2010-03-25,56.369999,56.919998,55.900002,55.990002,485500
2572,2010-03-26,56.0,57.599998,55.700001,55.77,586800
2573,2010-03-29,56.119999,56.950001,55.73,56.41,569300
2574,2010-03-30,56.360001,56.700001,55.650002,55.93,445900
2575,2010-03-31,55.98,56.32,55.299999,55.330002,863400
2576,2010-04-01,55.130001,55.68,53.549999,55.16,642900
2577,2010-04-05,55.450001,56.889999,55.18,56.310001,998500
2578,2010-04-06,56.040001,58.419998,55.98,58.16,849300
2579,2010-04-07,58.299999,58.720001,57.349998,57.619999,518900
2580,2010-04-08,57.369999,58.689999,57.310001,58.490002,391600
2581,2010-04-09,58.360001,58.599998,57.560001,57.75,429400
2582,2010-04-12,58.02,58.130001,56.950001,57.07,673400
2583,2010-04-13,57.16,58.450001,56.970001,58.0,560200
2584,2010-04-14,58.0,58.619999,57.68,58.52,453300
2585,2010-04-15,58.040001,58.790001,57.349998,58.450001,399100
2586,2010-04-16,58.419998,58.529999,57.419998,58.049999,333400
2587,2010-04-19,58.009998,59.220001,57.709999,58.380001,377900
2588,2010-04-20,58.52,59.049999,57.900002,58.310001,194800
2589,2010-04-21,58.560001,58.560001,55.049999,55.880001,1865600
2590,2010-04-22,55.669998,56.75,54.509998,56.169998,763700
2591,2010-04-23,55.970001,56.02,55.259998,55.919998,626100
2592,2010-04-26,56.0,56.130001,54.669998,54.759998,403000
2593,2010-04-27,54.439999,55.599998,54.18,54.68,1064000
2594,2010-04-28,55.330002,55.950001,54.560001,54.669998,823400
2595,2010-04-29,55.41,57.689999,54.959999,56.0,2423800
2596,2010-04-30,55.790001,57.330002,55.759998,56.889999,1099600
2597,2010-05-03,56.77,57.25,56.07,56.82,840300
2598,2010-05-04,56.25,56.630001,54.41,55.200001,1221100
2599,2010-05-05,54.32,55.459999,52.450001,55.310001,945200
2600,2010-05-06,54.150002,54.82,50.0,52.849998,1168200
2601,2010-05-07,52.91,53.700001,50.77,51.009998,1141200
2602,2010-05-10,52.18,53.490002,52.009998,53.279999,1126900
2603,2010-05-11,52.830002,53.34,52.560001,52.650002,394600
2604,2010-05-12,52.889999,53.75,52.599998,53.720001,398000
2605,2010-05-13,53.779999,53.799999,52.57,52.68,322200
2606,2010-05-14,52.369999,52.439999,51.150002,51.48,217200
2607,2010-05-17,51.740002,52.540001,51.400002,52.290001,640800
2608,2010-05-18,52.810001,54.009998,52.810001,53.630001,1013600
2609,2010-05-19,53.369999,53.650002,52.540001,52.610001,683900
2610,2010-05-20,51.540001,52.049999,50.709999,50.77,1126500
2611,2010-05-21,50.41,51.919998,50.200001,51.509998,1612700
2612,2010-05-24,51.09,52.93,50.849998,51.959999,693700
2613,2010-05-25,51.029999,51.029999,49.650002,50.630001,912200
2614,2010-05-26,50.549999,51.98,50.27,51.200001,797900
2615,2010-05-27,52.0,52.330002,51.669998,52.330002,433900
2616,2010-05-28,52.099998,52.630001,51.130001,51.220001,585200
2617,2010-06-01,50.93,51.52,50.150002,50.200001,470700
2618,2010-06-02,50.470001,52.709999,50.43,52.580002,652200
2619,2010-06-03,52.48,52.830002,51.84,52.610001,312600
2620,2010-06-04,52.34,52.34,50.869999,51.189999,342900
2621,2010-06-07,51.32,51.68,50.790001,51.52,605900
2622,2010-06-08,51.759998,51.98,50.220001,51.209999,709100
2623,2010-06-09,51.66,52.189999,51.110001,51.5,479200
2624,2010-06-10,53.470001,54.450001,53.240002,54.360001,866700
2625,2010-06-11,54.009998,54.91,53.799999,54.119999,416600
2626,2010-06-14,54.330002,55.07,53.84,53.939999,535600
2627,2010-06-15,54.459999,55.470001,54.310001,55.439999,723800
2628,2010-06-16,55.029999,55.509998,54.830002,55.099998,463300
2629,2010-06-17,54.450001,54.919998,53.900002,54.490002,342700
2630,2010-06-18,54.490002,54.950001,54.189999,54.330002,516800
2631,2010-06-21,54.810001,55.0,53.310001,53.619999,302500
2632,2010-06-22,53.669998,54.18,52.849998,52.970001,374600
2633,2010-06-23,52.84,52.959999,51.880001,52.720001,672600
2634,2010-06-24,52.630001,53.360001,51.639999,51.790001,765600
2635,2010-06-25,51.849998,52.93,51.209999,52.290001,806900
2636,2010-06-28,52.450001,52.57,51.650002,51.77,547300
2637,2010-06-29,51.119999,51.119999,48.860001,49.0,985000
2638,2010-06-30,48.860001,49.779999,48.799999,48.810001,388900
2639,2010-07-01,48.779999,49.029999,47.259998,48.380001,495600
2640,2010-07-02,48.619999,49.48,48.619999,48.790001,396600
2641,2010-07-06,49.419998,49.459999,47.490002,47.799999,594600
2642,2010-07-07,47.939999,48.029999,46.619999,47.790001,788000
2643,2010-07-08,48.09,49.360001,48.029999,49.23,591200
2644,2010-07-09,49.049999,50.369999,48.950001,50.290001,345000
2645,2010-07-12,50.0,50.84,48.630001,49.049999,401300
2646,2010-07-13,49.360001,50.529999,49.360001,50.029999,286700
2647,2010-07-14,49.959999,50.130001,49.470001,49.82,490800
2648,2010-07-15,49.73,49.98,49.299999,49.790001,470400
2649,2010-07-16,49.560001,49.799999,47.66,48.049999,686200
2650,2010-07-19,48.27,48.630001,47.889999,48.360001,179300
2651,2010-07-20,47.970001,48.84,47.459999,48.75,479400
2652,2010-07-21,48.950001,49.110001,48.32,48.43,446700
2653,2010-07-22,48.84,49.400002,48.470001,48.779999,349500
2654,2010-07-23,48.59,50.259998,48.439999,50.040001,660600
2655,2010-07-26,50.299999,51.580002,50.209999,50.509998,471800
2656,2010-07-27,50.650002,52.330002,50.529999,51.459999,923000
2657,2010-07-28,47.220001,50.5,46.900002,46.950001,2383200
2658,2010-07-29,47.330002,47.810001,46.560001,47.220001,1116600
2659,2010-07-30,47.220001,49.360001,46.630001,48.889999,559000
2660,2010-08-02,49.5,50.150002,49.259998,50.09,576600
2661,2010-08-03,49.880001,50.310001,49.529999,49.860001,498500
2662,2010-08-04,50.060001,50.810001,49.0,50.5,386600
2663,2010-08-05,50.139999,50.919998,49.939999,50.880001,655400
2664,2010-08-06,50.220001,51.849998,50.0,51.759998,605400
2665,2010-08-09,51.849998,52.279999,51.720001,52.130001,177200
2666,2010-08-10,51.77,52.0,51.43,51.68,235600
2667,2010-08-11,50.849998,51.34,49.849998,50.360001,415200
2668,2010-08-12,49.82,51.080002,49.540001,50.509998,220800
2669,2010-08-13,50.389999,50.560001,49.66,49.869999,398400
2670,2010-08-16,49.540001,50.009998,49.220001,49.75,295700
2671,2010-08-17,50.09,50.490002,49.720001,50.0,177800
2672,2010-08-18,49.900002,50.150002,49.470001,49.650002,290300
2673,2010-08-19,49.330002,49.57,47.869999,48.18,494500
2674,2010-08-20,48.0,48.110001,47.599998,47.709999,565700
2675,2010-08-23,48.02,48.02,47.349998,47.52,535200
2676,2010-08-24,47.060001,47.25,46.75,46.830002,339900
2677,2010-08-25,46.610001,47.41,46.139999,47.34,695100
2678,2010-08-26,47.450001,47.5,46.369999,46.91,773800
2679,2010-08-27,47.169998,47.82,46.369999,47.459999,277000
2680,2010-08-30,47.16,47.18,46.639999,46.66,548700
2681,2010-08-31,46.470001,47.099998,46.16,46.220001,562200
2682,2010-09-01,46.82,47.299999,46.549999,47.16,319800
2683,2010-09-02,47.189999,48.82,46.759998,48.549999,751700
2684,2010-09-03,49.119999,50.0,48.91,49.900002,823800
2685,2010-09-07,49.740002,49.939999,48.400002,48.779999,404500
2686,2010-09-08,48.779999,49.0,48.380001,48.540001,383100
2687,2010-09-09,49.119999,49.810001,48.98,49.700001,1127900
2688,2010-09-10,49.790001,51.5,49.68,50.959999,854600
2689,2010-09-13,51.279999,51.380001,49.84,50.299999,598800
2690,2010-09-14,50.41,50.990002,50.209999,50.689999,356000
2691,2010-09-15,50.48,51.700001,50.48,51.369999,772000
2692,2010-09-16,51.419998,51.900002,51.049999,51.75,460000
2693,2010-09-17,53.189999,54.919998,53.02,54.560001,3717900
2694,2010-09-20,55.0,55.0,53.970001,54.41,541800
2695,2010-09-21,54.150002,54.630001,53.91,54.169998,478400
2696,2010-09-22,53.880001,55.0,53.880001,54.34,500100
2697,2010-09-23,54.009998,54.619999,53.799999,54.32,593200
2698,2010-09-24,54.93,55.549999,54.369999,55.490002,569200
2699,2010-09-27,55.439999,55.959999,54.860001,55.650002,811900
2700,2010-09-28,55.700001,56.349998,55.630001,56.049999,1175800
2701,2010-09-29,55.830002,56.650002,55.73,56.07,1121100
2702,2010-09-30,56.439999,57.16,55.91,56.009998,1292300
2703,2010-10-01,56.419998,56.639999,55.639999,56.529999,573800
2704,2010-10-04,56.540001,57.139999,55.73,56.029999,481600
2705,2010-10-05,56.419998,57.0,56.279999,56.919998,524800
2706,2010-10-06,56.75,57.130001,53.98,55.130001,1634900
2707,2010-10-07,55.130001,55.549999,54.950001,55.419998,561900
2708,2010-10-08,55.549999,56.0,55.459999,55.84,550600
2709,2010-10-11,55.540001,55.849998,54.5,55.68,439900
2710,2010-10-12,55.639999,56.18,55.189999,56.049999,503700
2711,2010-10-13,56.259998,56.259998,55.549999,55.860001,442500
2712,2010-10-14,55.830002,56.369999,55.560001,55.73,630000
2713,2010-10-15,55.889999,56.290001,55.389999,55.470001,623300
2714,2010-10-18,55.650002,55.830002,55.330002,55.459999,347800
2715,2010-10-19,54.880001,55.049999,54.009998,54.259998,737400
2716,2010-10-20,54.240002,55.189999,53.759998,54.549999,529300
2717,2010-10-21,54.799999,55.220001,53.91,54.279999,518900
2718,2010-10-22,54.459999,54.810001,54.32,54.610001,215800
2719,2010-10-25,54.82,55.720001,54.619999,55.470001,396200
2720,2010-10-26,55.330002,55.68,54.869999,55.290001,489400
2721,2010-10-27,54.869999,55.919998,54.509998,55.549999,869400
2722,2010-10-28,57.830002,60.0,57.830002,59.43,2969300
2723,2010-10-29,59.900002,60.93,59.849998,60.0,1230300
2724,2010-11-01,60.540001,60.720001,59.720001,60.130001,1042900
2725,2010-11-02,59.639999,60.650002,59.259998,60.0,721900
2726,2010-11-03,59.900002,60.25,59.139999,59.900002,802900
2727,2010-11-04,60.540001,61.419998,59.110001,59.459999,1069200
2728,2010-11-05,59.59,59.66,58.540001,59.23,495700
2729,2010-11-08,59.119999,59.490002,58.599998,59.18,593300
2730,2010-11-09,59.080002,59.5,58.52,58.619999,392100
2731,2010-11-10,58.799999,59.549999,58.57,59.400002,824300
2732,2010-11-11,58.860001,60.07,58.73,59.91,662800
2733,2010-11-12,59.540001,60.400002,59.049999,59.709999,462100
2734,2010-11-15,59.82,60.880001,59.68,60.23,628300
2735,2010-11-16,59.880001,61.330002,59.57,60.68,883800
2736,2010-11-17,60.810001,61.119999,60.200001,61.09,392500
2737,2010-11-18,61.790001,63.43,61.599998,62.02,818800
2738,2010-11-19,62.32,63.68,61.369999,62.919998,849500
2739,2010-11-22,62.950001,63.580002,62.150002,62.759998,662900
2740,2010-11-23,62.150002,62.639999,61.610001,61.98,475400
2741,2010-11-24,62.290001,63.34,62.25,63.240002,359200
2742,2010-11-26,62.540001,62.950001,62.389999,62.650002,97300
2743,2010-11-29,62.290001,62.66,61.509998,62.560001,266600
2744,2010-11-30,61.93,63.049999,61.57,62.93,579400
2745,2010-12-01,63.630001,63.91,62.25,62.450001,542700
2746,2010-12-02,62.060001,63.009998,61.77,62.950001,339100
2747,2010-12-03,62.68,63.490002,62.32,62.470001,530200
2748,2010-12-06,62.48,63.349998,61.900002,63.16,517700
2749,2010-12-07,63.68,63.990002,62.150002,62.299999,553000
2750,2010-12-08,62.259998,63.25,61.75,61.779999,1069900
2751,2010-12-09,62.119999,62.189999,60.939999,62.02,568900
2752,2010-12-10,62.189999,63.5,61.860001,63.25,416000
2753,2010-12-13,63.5,63.5,62.310001,62.540001,435900
2754,2010-12-14,62.450001,63.299999,62.0,62.919998,243100
2755,2010-12-15,62.950001,64.660004,62.43,63.950001,738700
2756,2010-12-16,64.099998,64.269997,63.02,64.239998,350400
2757,2010-12-17,64.360001,64.639999,63.060001,63.549999,1308500
2758,2010-12-20,63.689999,64.150002,61.560001,63.380001,582800
2759,2010-12-21,63.34,64.309998,62.98,63.689999,329700
2760,2010-12-22,63.599998,64.129997,62.860001,63.34,300500
2761,2010-12-23,63.240002,63.880001,62.779999,63.529999,221200
2762,2010-12-27,63.400002,64.07,62.619999,63.860001,217300
2763,2010-12-28,63.799999,64.300003,63.150002,63.400002,242800
2764,2010-12-29,63.59,63.66,63.110001,63.43,169800
2765,2010-12-30,63.310001,64.029999,63.189999,63.330002,242100
2766,2010-12-31,63.169998,63.939999,62.599998,63.220001,401900
2767,2011-01-03,63.650002,65.169998,63.380001,64.360001,544400
2768,2011-01-04,64.800003,65.639999,63.599998,65.279999,832100
2769,2011-01-05,65.459999,67.129997,65.440002,66.559998,912700
2770,2011-01-06,66.339996,66.43,65.779999,66.260002,353400
2771,2011-01-07,66.220001,67.040001,65.800003,67.0,470600
2772,2011-01-10,66.559998,67.550003,66.459999,67.139999,520500
2773,2011-01-11,67.099998,67.849998,67.0,67.360001,258000
2774,2011-01-12,67.599998,67.639999,66.730003,67.199997,258000
2775,2011-01-13,67.199997,67.43,66.150002,67.0,307300
2776,2011-01-14,66.760002,67.339996,65.900002,67.339996,278300
2777,2011-01-18,67.269997,68.669998,66.980003,68.629997,604500
2778,2011-01-19,68.599998,69.059998,68.0,68.510002,502800
2779,2011-01-20,68.599998,68.82,67.129997,67.389999,596500
2780,2011-01-21,67.660004,67.779999,66.18,66.330002,530400
2781,2011-01-24,66.43,67.580002,66.0,66.599998,543700
2782,2011-01-25,66.589996,67.110001,65.68,67.089996,344700
2783,2011-01-26,67.120003,68.230003,66.779999,68.129997,386800
2784,2011-01-27,68.129997,68.739998,67.489998,68.260002,338300
2785,2011-01-28,68.400002,68.940002,67.849998,67.940002,801200
2786,2011-01-31,68.18,68.550003,67.360001,67.980003,269600
2787,2011-02-01,67.989998,69.150002,67.519997,68.989998,496800
2788,2011-02-02,68.720001,69.480003,66.940002,66.940002,920500
2789,2011-02-03,66.769997,66.800003,64.5,65.589996,1457900
2790,2011-02-04,65.459999,66.419998,65.32,65.949997,535700
2791,2011-02-07,66.150002,66.650002,65.620003,65.879997,687900
2792,2011-02-08,66.940002,67.75,66.660004,66.870003,1153000
2793,2011-02-09,67.0,67.32,66.029999,66.099998,304700
2794,2011-02-10,65.989998,67.800003,65.800003,67.360001,478100
2795,2011-02-11,67.300003,67.970001,66.809998,67.269997,362200
2796,2011-02-14,67.610001,68.510002,67.360001,67.580002,517300
2797,2011-02-15,65.0,68.18,64.889999,67.019997,1426200
2798,2011-02-16,67.129997,68.970001,66.599998,67.370003,1348600
2799,2011-02-17,67.230003,68.559998,67.089996,67.809998,887600
2800,2011-02-18,68.019997,68.139999,67.18,67.419998,271700
2801,2011-02-22,67.599998,67.889999,66.330002,66.5,577600
2802,2011-02-23,66.75,67.400002,65.779999,66.800003,731500
2803,2011-02-24,66.559998,67.519997,65.75,67.129997,525100
2804,2011-02-25,67.57,68.059998,67.099998,67.989998,423200
2805,2011-02-28,68.330002,68.82,67.010002,67.43,450000
2806,2011-03-01,67.18,67.540001,66.629997,67.010002,453000
2807,2011-03-02,67.080002,68.550003,67.080002,68.150002,364800
2808,2011-03-03,68.410004,69.870003,68.410004,69.129997,583400
2809,2011-03-04,69.260002,69.839996,68.830002,69.540001,497600
2810,2011-03-07,70.019997,70.339996,68.029999,68.730003,469000
2811,2011-03-08,68.610001,69.379997,68.489998,68.690002,607700
2812,2011-03-09,68.459999,69.540001,68.32,68.400002,424900
2813,2011-03-10,67.93,67.970001,66.68,67.010002,514300
2814,2011-03-11,66.75,67.720001,66.5,67.550003,350600
2815,2011-03-14,66.980003,67.629997,66.139999,66.459999,410300
2816,2011-03-15,65.169998,66.199997,64.599998,65.800003,443100
2817,2011-03-16,65.889999,66.519997,65.199997,65.339996,369000
2818,2011-03-17,65.980003,66.269997,65.459999,65.93,326200
2819,2011-03-18,66.720001,67.0,65.75,65.980003,578100
2820,2011-03-21,66.709999,67.57,65.650002,65.800003,584100
2821,2011-03-22,65.419998,65.699997,64.760002,65.099998,634500
2822,2011-03-23,65.0,65.489998,64.379997,65.150002,429900
2823,2011-03-24,65.540001,66.5,64.879997,66.050003,714900
2824,2011-03-25,66.480003,66.940002,65.779999,65.809998,677000
2825,2011-03-28,65.779999,65.860001,63.880001,64.279999,918300
2826,2011-03-29,64.339996,65.389999,64.339996,65.260002,931800
2827,2011-03-30,65.580002,67.379997,65.580002,66.830002,663400
2828,2011-03-31,66.82,67.230003,66.260002,67.019997,515900
2829,2011-04-01,67.489998,67.75,67.099998,67.389999,715900
2830,2011-04-04,67.879997,68.190002,66.989998,68.139999,516500
2831,2011-04-05,68.18,69.290001,67.940002,68.470001,731700
2832,2011-04-06,68.93,69.010002,66.769997,67.440002,721300
2833,2011-04-07,67.160004,67.690002,66.360001,66.43,656800
2834,2011-04-08,66.669998,66.989998,65.519997,65.809998,424500
2835,2011-04-11,65.849998,66.580002,65.389999,66.099998,516800
2836,2011-04-12,65.790001,66.349998,65.620003,66.330002,465700
2837,2011-04-13,66.529999,66.790001,66.07,66.43,493400
2838,2011-04-14,65.82,67.080002,65.540001,66.82,450000
2839,2011-04-15,66.529999,66.949997,65.970001,66.120003,749500
2840,2011-04-18,65.82,66.589996,65.449997,66.32,889000
2841,2011-04-19,66.389999,67.0,66.370003,66.970001,679800
2842,2011-04-20,67.68,69.18,67.529999,69.169998,616200
2843,2011-04-21,69.260002,70.699997,68.669998,70.110001,607900
2844,2011-04-25,69.669998,70.089996,69.18,70.0,394900
2845,2011-04-26,70.389999,70.739998,69.800003,70.190002,445900
2846,2011-04-27,70.099998,70.739998,69.260002,70.699997,667000
2847,2011-04-28,70.379997,70.379997,66.779999,67.660004,2300000
2848,2011-04-29,67.589996,67.690002,66.5,66.959999,895000
2849,2011-05-02,66.959999,69.010002,66.709999,68.230003,765200
2850,2011-05-03,68.120003,68.300003,66.599998,67.599998,590500
2851,2011-05-04,67.849998,68.540001,66.82,66.940002,623400
2852,2011-05-05,66.610001,67.209999,65.959999,66.150002,629400
2853,2011-05-06,66.620003,66.800003,65.660004,65.910004,1005400
2854,2011-05-09,66.0,66.519997,65.739998,66.360001,762900
2855,2011-05-10,66.57,66.82,65.760002,66.690002,678800
2856,2011-05-11,67.040001,67.489998,66.690002,67.309998,597300
2857,2011-05-12,67.190002,67.68,66.849998,67.400002,879000
2858,2011-05-13,67.529999,67.860001,66.639999,67.290001,405100
2859,2011-05-16,66.970001,67.349998,66.110001,66.209999,702700
2860,2011-05-17,66.0,66.0,64.599998,65.099998,798200
2861,2011-05-18,65.360001,65.800003,64.989998,65.510002,684600
2862,2011-05-19,65.529999,65.879997,64.720001,65.269997,893400
2863,2011-05-20,66.199997,66.43,65.0,65.599998,809400
2864,2011-05-23,65.139999,65.139999,64.220001,64.669998,588400
2865,2011-05-24,64.650002,64.959999,64.190002,64.660004,429500
2866,2011-05-25,64.370003,65.449997,64.129997,64.639999,599200
2867,2011-05-26,64.620003,65.269997,64.129997,64.949997,835200
2868,2011-05-27,65.0,65.809998,64.5,64.709999,1037300
2869,2011-05-31,64.959999,65.370003,63.610001,64.57,1052800
2870,2011-06-01,64.639999,65.330002,63.400002,63.580002,1200400
2871,2011-06-02,63.650002,63.68,62.560001,63.110001,1523300
2872,2011-06-03,62.68,62.990002,62.189999,62.700001,798400
2873,2011-06-06,59.200001,60.349998,58.369999,59.0,5079200
2874,2011-06-07,59.0,59.939999,58.75,59.509998,1551200
2875,2011-06-08,59.200001,59.630001,58.810001,59.310001,928600
2876,2011-06-09,59.279999,59.490002,58.860001,59.41,878500
2877,2011-06-10,59.009998,59.369999,57.869999,57.959999,1180900
2878,2011-06-13,57.130001,57.48,55.400002,55.91,2311200
2879,2011-06-14,55.990002,56.450001,55.470001,55.810001,1181200
2880,2011-06-15,55.619999,56.52,55.0,55.09,1395100
2881,2011-06-16,55.34,55.560001,54.18,54.830002,963900
2882,2011-06-17,55.119999,55.540001,54.32,54.389999,1130900
2883,2011-06-20,54.41,54.759998,53.439999,53.75,1115700
2884,2011-06-21,53.93,54.419998,53.380001,54.279999,1424200
2885,2011-06-22,54.18,54.540001,53.66,53.860001,1377800
2886,2011-06-23,53.560001,54.580002,53.200001,54.380001,1049800
2887,2011-06-24,54.299999,54.810001,53.439999,54.060001,1322400
2888,2011-06-27,53.66,53.959999,53.139999,53.490002,1220900
2889,2011-06-28,53.66,54.860001,53.5,54.599998,1324100
2890,2011-06-29,54.389999,55.02,53.959999,54.77,747800
2891,2011-06-30,54.73,55.610001,54.639999,55.099998,925800
2892,2011-07-01,55.259998,55.990002,55.0,55.68,631200
2893,2011-07-05,55.41,55.720001,53.889999,54.200001,982800
2894,2011-07-06,54.18,55.470001,54.18,55.139999,741800
2895,2011-07-07,55.349998,56.060001,54.650002,55.720001,634500
2896,2011-07-08,55.139999,55.98,55.07,55.330002,493600
2897,2011-07-11,54.959999,55.080002,54.09,54.450001,550300
2898,2011-07-12,54.23,55.330002,54.009998,54.740002,597600
2899,2011-07-13,55.009998,55.700001,54.48,54.66,805200
2900,2011-07-14,55.189999,56.43,54.73,56.189999,1250300
2901,2011-07-15,56.349998,56.549999,54.900002,56.220001,1594700
2902,2011-07-18,56.220001,56.220001,54.889999,55.830002,941800
2903,2011-07-19,56.139999,56.91,55.889999,56.380001,827000
2904,2011-07-20,56.330002,56.330002,54.650002,55.029999,755400
2905,2011-07-21,55.279999,56.52,54.880001,56.130001,696100
2906,2011-07-22,56.049999,56.950001,55.919998,56.68,380000
2907,2011-07-25,56.459999,56.580002,55.790001,56.09,530400
2908,2011-07-26,55.959999,56.279999,55.200001,55.889999,648800
2909,2011-07-27,55.619999,55.990002,53.869999,54.650002,778400
2910,2011-07-28,56.540001,59.400002,56.110001,56.77,1845400
2911,2011-07-29,56.849998,57.880001,56.060001,57.380001,1169000
2912,2011-08-01,57.549999,58.0,56.330002,56.639999,980700
2913,2011-08-02,56.459999,57.48,55.290001,55.369999,953200
2914,2011-08-03,55.560001,55.59,52.700001,55.150002,1140200
2915,2011-08-04,54.509998,54.509998,50.939999,51.009998,2236000
2916,2011-08-05,51.52,52.509998,49.07,50.77,1158100
2917,2011-08-08,49.66,51.099998,48.07,49.049999,1920600
2918,2011-08-09,49.700001,50.98,48.389999,50.91,1538700
2919,2011-08-10,49.970001,51.150002,49.349998,49.790001,1374200
2920,2011-08-11,50.599998,51.68,49.720001,51.330002,1453100
2921,2011-08-12,51.84,51.84,49.950001,50.799999,1240500
2922,2011-08-15,50.970001,51.57,50.669998,51.400002,946100
2923,2011-08-16,51.119999,51.849998,50.82,51.349998,1215500
2924,2011-08-17,51.450001,51.98,50.599998,50.959999,713300
2925,2011-08-18,50.220001,50.220001,48.43,48.970001,1066400
2926,2011-08-19,48.470001,50.240002,48.07,48.77,1504900
2927,2011-08-22,49.77,49.990002,46.950001,47.25,1294000
2928,2011-08-23,47.48,48.91,47.029999,48.759998,1031200
2929,2011-08-24,39.150002,41.400002,38.869999,39.91,14409000
2930,2011-08-25,39.82,40.369999,39.25,39.299999,4286400
2931,2011-08-26,39.080002,40.25,39.029999,40.07,3421500
2932,2011-08-29,40.509998,40.990002,39.93,40.759998,1931500
2933,2011-08-30,40.5,42.970001,40.5,42.709999,2628000
2934,2011-08-31,43.040001,43.48,42.169998,43.150002,1385700
2935,2011-09-01,42.959999,43.150002,42.27,42.91,997700
2936,2011-09-02,42.209999,42.759998,41.290001,41.610001,845100
2937,2011-09-06,40.950001,43.110001,40.68,42.919998,1544700
2938,2011-09-07,43.110001,44.540001,42.810001,44.459999,2016800
2939,2011-09-08,44.23,44.959999,43.810001,44.549999,1200500
2940,2011-09-09,44.16,44.27,42.669998,43.27,1217900
2941,2011-09-12,42.77,43.5,42.25,43.299999,989200
2942,2011-09-13,43.259998,44.259998,43.150002,43.919998,1072800
2943,2011-09-14,44.189999,44.689999,43.66,44.279999,1107300
2944,2011-09-15,43.869999,44.400002,43.259998,44.150002,1186600
2945,2011-09-16,44.25,44.709999,43.380001,43.580002,1406100
2946,2011-09-19,43.23,43.400002,42.459999,42.830002,1190100
2947,2011-09-20,43.209999,43.459999,42.040001,42.189999,916100
2948,2011-09-21,42.279999,42.59,40.18,40.189999,1052500
2949,2011-09-22,39.709999,40.48,39.360001,39.849998,1805700
2950,2011-09-23,40.049999,40.779999,39.990002,40.709999,1124300
2951,2011-09-26,40.599998,40.599998,37.200001,38.349998,3886400
2952,2011-09-27,39.07,39.599998,38.599998,39.169998,1615600
2953,2011-09-28,39.330002,39.59,37.599998,37.84,1442000
2954,2011-09-29,38.34,38.34,36.830002,37.470001,1709900
2955,2011-09-30,37.32,37.75,37.009998,37.490002,1202800
2956,2011-10-03,37.16,38.009998,36.799999,37.209999,1753500
2957,2011-10-04,37.0,37.540001,36.549999,37.439999,1802300
2958,2011-10-05,37.43,38.0,37.09,37.849998,2347200
2959,2011-10-06,37.880001,38.259998,37.57,37.950001,1377400
2960,2011-10-07,38.139999,38.450001,37.080002,37.299999,1565100
2961,2011-10-10,37.880001,38.07,37.540001,37.860001,1113200
2962,2011-10-11,38.360001,40.290001,37.59,39.740002,4172500
2963,2011-10-12,40.049999,40.740002,39.279999,39.439999,6703600
2964,2011-10-13,39.200001,39.779999,38.610001,39.75,1289100
2965,2011-10-14,39.98,40.220001,39.25,40.130001,1035800
2966,2011-10-17,40.0,40.279999,39.09,39.18,1742900
2967,2011-10-18,39.119999,40.290001,38.849998,40.040001,1829000
2968,2011-10-19,40.02,40.549999,39.490002,39.619999,1078300
2969,2011-10-20,39.720001,40.669998,39.220001,40.599998,1156400
2970,2011-10-21,40.869999,41.66,40.130001,40.650002,1660700
2971,2011-10-24,40.790001,42.360001,40.689999,42.189999,1137500
2972,2011-10-25,42.110001,42.41,41.299999,41.369999,702500
2973,2011-10-26,41.790001,42.240002,41.040001,41.48,1273800
2974,2011-10-27,43.16,43.970001,41.779999,43.720001,2497100
2975,2011-10-28,43.619999,44.939999,43.459999,44.790001,1308500
2976,2011-10-31,44.400002,44.799999,42.970001,43.73,1497700
2977,2011-11-01,43.110001,43.150002,41.669998,41.77,1303400
2978,2011-11-02,42.279999,42.5,40.5,41.080002,1015700
2979,2011-11-03,41.5,42.279999,40.59,42.02,1369200
2980,2011-11-04,42.369999,42.799999,41.650002,42.27,836800
2981,2011-11-07,42.439999,43.27,41.259998,42.459999,929900
2982,2011-11-08,42.610001,43.75,41.959999,43.259998,1322400
2983,2011-11-09,42.299999,43.169998,42.150002,42.549999,1265800
2984,2011-11-10,41.810001,43.599998,41.32,42.02,1153900
2985,2011-11-11,42.439999,42.599998,41.470001,41.68,986500
2986,2011-11-14,41.68,42.349998,41.450001,42.32,495600
2987,2011-11-15,42.189999,42.369999,41.560001,42.130001,441900
2988,2011-11-16,41.959999,42.380001,41.549999,41.66,495500
2989,2011-11-17,41.580002,41.84,40.450001,40.959999,745000
2990,2011-11-18,40.990002,41.73,40.009998,41.0,1147000
2991,2011-11-21,40.669998,40.970001,40.389999,40.580002,665100
2992,2011-11-22,40.52,40.880001,39.830002,40.709999,497300
2993,2011-11-23,40.48,40.540001,39.369999,39.619999,601900
2994,2011-11-25,39.619999,39.98,39.25,39.330002,146700
2995,2011-11-28,39.919998,40.029999,39.34,39.73,675600
2996,2011-11-29,39.73,39.830002,38.93,39.119999,573600
2997,2011-11-30,39.950001,40.91,39.700001,40.91,1090800
2998,2011-12-01,40.689999,41.66,40.27,41.540001,656800
2999,2011-12-02,41.830002,42.200001,41.599998,41.669998,937400
3000,2011-12-05,42.240002,42.599998,41.689999,42.150002,1498800
3001,2011-12-06,42.169998,42.66,41.560001,42.27,1043900
3002,2011-12-07,42.349998,42.349998,41.200001,41.919998,1149000
3003,2011-12-08,41.57,41.919998,41.110001,41.16,769700
3004,2011-12-09,41.330002,42.68,40.98,42.02,788900
3005,2011-12-12,41.669998,42.200001,41.189999,41.700001,2478700
3006,2011-12-13,42.060001,42.43,41.139999,41.669998,1499300
3007,2011-12-14,41.419998,41.610001,40.630001,40.939999,1170000
3008,2011-12-15,41.259998,42.349998,41.169998,41.950001,1015700
3009,2011-12-16,42.119999,43.380001,42.02,43.240002,1403500
3010,2011-12-19,43.529999,44.25,42.830002,42.889999,1421800
3011,2011-12-20,43.52,44.59,43.52,44.52,1267200
3012,2011-12-21,44.889999,45.32,44.110001,44.970001,1210900
3013,2011-12-22,45.040001,46.23,44.810001,46.18,952200
3014,2011-12-23,46.009998,46.669998,45.529999,46.560001,521600
3015,2011-12-27,46.66,47.060001,46.09,47.0,789000
3016,2011-12-28,47.049999,47.049999,46.060001,46.07,810400
3017,2011-12-29,46.16,47.619999,46.029999,47.540001,718600
3018,2011-12-30,47.419998,48.09,46.84,47.25,563500
3019,2012-01-03,47.810001,48.650002,47.529999,47.82,992600
3020,2012-01-04,47.740002,48.049999,47.540001,47.689999,761000
3021,2012-01-05,47.5,48.560001,47.5,48.09,641300
3022,2012-01-06,48.029999,49.220001,48.02,48.52,1066000
3023,2012-01-09,48.93,49.57,47.900002,48.139999,1152700
3024,2012-01-10,48.790001,49.169998,48.419998,48.759998,744400
3025,2012-01-11,48.48,48.810001,47.849998,48.220001,1052400
3026,2012-01-12,48.41,48.66,47.880001,47.959999,1034500
3027,2012-01-13,47.529999,47.950001,46.09,47.009998,1592900
3028,2012-01-17,47.560001,47.669998,47.009998,47.360001,560100
3029,2012-01-18,47.610001,48.549999,47.290001,48.290001,1096600
3030,2012-01-19,48.689999,48.759998,47.98,48.439999,696900
3031,2012-01-20,48.470001,49.34,48.259998,49.259998,998100
3032,2012-01-23,49.73,49.73,48.310001,48.380001,981300
3033,2012-01-24,48.220001,49.16,46.119999,48.09,3732100
3034,2012-01-25,48.189999,49.009998,48.189999,49.009998,760300
3035,2012-01-26,49.07,49.23,48.27,48.59,564400
3036,2012-01-27,48.450001,49.16,48.290001,48.950001,312500
3037,2012-01-30,48.950001,49.900002,48.639999,49.57,894900
3038,2012-01-31,49.59,49.709999,49.029999,49.18,599700
3039,2012-02-01,49.439999,49.98,49.18,49.52,641200
3040,2012-02-02,49.560001,50.779999,49.27,50.0,419000
3041,2012-02-03,50.299999,50.689999,49.84,50.209999,333600
3042,2012-02-06,49.93,51.119999,49.77,50.990002,385300
3043,2012-02-07,50.259998,50.389999,49.41,49.82,906300
3044,2012-02-08,49.709999,50.290001,49.439999,49.900002,687100
3045,2012-02-09,49.599998,49.599998,48.720001,49.41,981900
3046,2012-02-10,49.119999,49.59,48.98,49.049999,559100
3047,2012-02-13,49.560001,50.099998,48.880001,49.259998,966500
3048,2012-02-14,47.110001,47.990002,46.450001,47.580002,1831800
3049,2012-02-15,47.619999,48.48,47.25,48.32,1047200
3050,2012-02-16,48.419998,49.169998,48.060001,48.52,856400
3051,2012-02-17,48.68,48.82,47.25,47.27,683800
3052,2012-02-21,47.439999,48.18,47.09,47.799999,1082900
3053,2012-02-22,47.98,47.98,46.259998,46.869999,1076600
3054,2012-02-23,47.02,47.669998,46.869999,47.139999,809100
3055,2012-02-24,47.209999,48.299999,47.080002,47.93,636300
3056,2012-02-27,47.59,48.34,47.52,48.169998,473400
3057,2012-02-28,48.389999,48.549999,48.099998,48.41,800500
3058,2012-02-29,48.57,49.0,47.68,47.73,737300
3059,2012-03-01,47.73,48.810001,47.73,48.470001,726100
3060,2012-03-02,48.360001,48.709999,47.959999,48.07,642100
3061,2012-03-05,47.830002,48.18,46.630001,46.91,650700
3062,2012-03-06,46.52,46.52,45.419998,45.540001,725200
3063,2012-03-07,45.689999,45.759998,45.009998,45.540001,804500
3064,2012-03-08,45.759998,46.939999,45.700001,46.84,756400
3065,2012-03-09,46.91,47.23,46.59,46.849998,527800
3066,2012-03-12,46.869999,47.18,45.950001,46.09,432300
3067,2012-03-13,46.27,47.07,46.0,47.060001,600400
3068,2012-03-14,47.119999,47.459999,46.490002,46.549999,693900
3069,2012-03-15,46.650002,47.669998,46.400002,47.5,583300
3070,2012-03-16,47.389999,48.23,47.389999,47.869999,853300
3071,2012-03-19,47.959999,48.810001,47.860001,48.459999,382700
3072,2012-03-20,48.18,48.290001,47.529999,47.84,348700
3073,2012-03-21,48.099998,48.630001,47.779999,48.23,386200
3074,2012-03-22,47.959999,48.27,47.419998,47.82,449200
3075,2012-03-23,47.880001,48.23,47.599998,47.68,534500
3076,2012-03-26,48.049999,48.700001,47.869999,48.630001,447700
3077,2012-03-27,48.73,49.130001,48.389999,48.82,512800
3078,2012-03-28,48.759998,48.919998,47.630001,48.130001,571400
3079,2012-03-29,47.84,47.84,47.0,47.439999,677400
3080,2012-03-30,47.689999,47.689999,46.950001,47.130001,649900
3081,2012-04-02,46.939999,47.580002,46.369999,47.529999,560200
3082,2012-04-03,47.5,47.560001,46.75,47.099998,563900
3083,2012-04-04,46.650002,46.82,45.060001,45.23,1130200
3084,2012-04-05,45.0,45.360001,44.639999,44.700001,451600
3085,2012-04-09,44.279999,44.720001,44.009998,44.490002,652500
3086,2012-04-10,44.540001,44.610001,43.52,43.689999,616000
3087,2012-04-11,44.009998,44.450001,43.580002,43.73,467500
3088,2012-04-12,43.09,43.299999,41.75,42.380001,1855300
3089,2012-04-13,42.119999,42.509998,41.599998,41.630001,546700
3090,2012-04-16,41.68,42.080002,41.0,41.34,630100
3091,2012-04-17,41.43,41.790001,41.119999,41.150002,748100
3092,2012-04-18,41.009998,41.470001,40.34,40.419998,1290500
3093,2012-04-19,40.650002,42.150002,40.650002,41.709999,1262800
3094,2012-04-20,41.900002,42.400002,41.580002,42.09,921700
3095,2012-04-23,41.75,42.27,41.419998,42.18,687400
3096,2012-04-24,42.060001,42.450001,41.790001,42.07,669500
3097,2012-04-25,42.52,43.169998,42.439999,43.130001,694000
3098,2012-04-26,43.23,44.900002,41.77,44.540001,1619500
3099,2012-04-27,41.419998,45.009998,41.419998,44.959999,998000
3100,2012-04-30,44.25,44.470001,43.310001,43.75,1374400
3101,2012-05-01,43.990002,44.099998,43.189999,43.549999,865600
3102,2012-05-02,43.41,43.990002,43.290001,43.66,624900
3103,2012-05-03,43.73,44.349998,43.73,43.950001,822800
3104,2012-05-04,43.889999,43.919998,42.150002,42.189999,744200
3105,2012-05-07,42.099998,43.099998,41.950001,42.5,771000
3106,2012-05-08,42.290001,43.130001,42.209999,43.110001,672000
3107,2012-05-09,42.700001,42.98,42.490002,42.650002,529200
3108,2012-05-10,42.900002,42.959999,42.150002,42.27,515000
3109,2012-05-11,42.02,42.869999,42.0,42.580002,734900
3110,2012-05-14,42.220001,42.919998,41.709999,42.77,670100
3111,2012-05-15,42.959999,43.330002,42.599998,42.880001,581000
3112,2012-05-16,43.080002,43.34,42.599998,42.73,503200
3113,2012-05-17,42.75,42.84,42.060001,42.09,635800
3114,2012-05-18,42.209999,42.380001,41.549999,41.639999,597300
3115,2012-05-21,41.82,43.41,41.75,43.27,962700
3116,2012-05-22,43.360001,43.799999,42.549999,42.720001,796000
3117,2012-05-23,42.5,42.68,41.860001,42.52,588000
3118,2012-05-24,42.669998,43.0,42.209999,42.669998,807600
3119,2012-05-25,42.52,44.16,42.52,44.049999,608700
3120,2012-05-29,44.419998,44.919998,44.419998,44.82,579700
3121,2012-05-30,44.720001,45.099998,44.209999,44.720001,849100
3122,2012-05-31,44.68,44.68,43.889999,44.240002,1026000
3123,2012-06-01,43.639999,43.68,42.59,43.009998,506800
3124,2012-06-04,42.959999,43.57,42.119999,43.049999,503400
3125,2012-06-05,42.720001,43.220001,42.630001,43.0,555100
3126,2012-06-06,43.57,43.939999,43.27,43.400002,666700
3127,2012-06-07,43.849998,44.060001,43.279999,43.32,672700
3128,2012-06-08,43.169998,43.549999,43.0,43.259998,495800
3129,2012-06-11,43.48,43.82,42.779999,42.810001,357500
3130,2012-06-12,43.119999,44.119999,42.990002,43.849998,448000
3131,2012-06-13,43.869999,44.25,43.68,43.779999,385200
3132,2012-06-14,44.110001,46.150002,43.84,45.68,911800
3133,2012-06-15,45.990002,47.91,45.869999,47.779999,1273400
3134,2012-06-18,47.759998,48.330002,47.130001,47.549999,1035000
3135,2012-06-19,47.860001,48.150002,47.540001,47.950001,564000
3136,2012-06-20,48.0,48.150002,47.619999,47.790001,437700
3137,2012-06-21,47.91,48.110001,47.23,47.630001,679200
3138,2012-06-22,47.889999,48.16,47.57,48.009998,437500
3139,2012-06-25,47.709999,47.759998,47.34,47.599998,330400
3140,2012-06-26,47.669998,48.43,47.48,48.110001,389900
3141,2012-06-27,48.619999,49.43,48.259998,49.110001,492300
3142,2012-06-28,48.91,49.150002,48.41,49.099998,518900
3143,2012-06-29,49.790001,49.900002,49.200001,49.380001,389800
3144,2012-07-02,49.610001,50.77,49.34,50.740002,593600
3145,2012-07-03,50.799999,51.689999,50.689999,51.48,281500
3146,2012-07-05,50.759998,52.68,50.759998,52.299999,675700
3147,2012-07-06,52.049999,52.049999,51.330002,51.959999,358500
3148,2012-07-09,51.830002,51.959999,51.169998,51.470001,585100
3149,2012-07-10,51.529999,51.849998,50.23,50.849998,909600
3150,2012-07-11,50.790001,51.209999,49.669998,50.599998,926200
3151,2012-07-12,50.43,50.709999,49.57,50.610001,624900
3152,2012-07-13,50.75,51.490002,50.220001,51.41,427100
3153,2012-07-16,51.540001,52.240002,51.0,52.110001,579700
3154,2012-07-17,52.110001,53.529999,52.110001,53.290001,737600
3155,2012-07-18,53.27,54.66,53.099998,53.509998,788800
3156,2012-07-19,53.540001,53.860001,52.950001,53.32,563300
3157,2012-07-20,53.27,53.650002,52.43,52.459999,699600
3158,2012-07-23,51.490002,51.73,49.990002,50.720001,847800
3159,2012-07-24,51.189999,51.25,49.540001,49.869999,976800
3160,2012-07-25,50.16,50.68,49.5,50.400002,655400
3161,2012-07-26,51.119999,52.98,50.029999,52.68,1131000
3162,2012-07-27,52.720001,54.830002,52.720001,54.580002,666100
3163,2012-07-30,54.779999,55.450001,54.240002,54.369999,626900
3164,2012-07-31,54.389999,54.93,54.110001,54.779999,850900
3165,2012-08-01,55.150002,55.459999,54.029999,54.040001,572600
3166,2012-08-02,53.490002,54.259998,52.720001,53.75,827100
3167,2012-08-03,54.84,55.490002,53.880001,54.02,1089700
3168,2012-08-06,54.34,56.240002,54.220001,55.900002,694800
3169,2012-08-07,56.330002,56.380001,55.389999,55.509998,608200
3170,2012-08-08,55.540001,55.709999,54.860001,55.139999,387000
3171,2012-08-09,55.009998,55.650002,54.889999,55.419998,362300
3172,2012-08-10,55.470001,55.48,55.0,55.23,298400
3173,2012-08-13,55.290001,55.610001,54.650002,55.450001,378300
3174,2012-08-14,55.529999,56.349998,55.369999,56.09,343700
3175,2012-08-15,55.889999,57.029999,55.5,56.779999,401600
3176,2012-08-16,56.720001,56.849998,56.130001,56.290001,472600
3177,2012-08-17,56.330002,56.490002,56.029999,56.220001,380900
3178,2012-08-20,56.169998,56.360001,55.57,55.93,476500
3179,2012-08-21,56.07,56.48,55.169998,55.259998,584400
3180,2012-08-22,55.299999,55.650002,54.709999,55.369999,437000
3181,2012-08-23,55.34,55.549999,55.0,55.220001,314600
3182,2012-08-24,55.279999,55.68,55.040001,55.330002,226000
3183,2012-08-27,55.639999,55.91,55.119999,55.25,288700
3184,2012-08-28,55.349998,55.939999,55.060001,55.700001,785500
3185,2012-08-29,55.830002,55.98,55.139999,55.32,253000
3186,2012-08-30,55.029999,55.07,53.720001,53.970001,616100
3187,2012-08-31,54.32,54.400002,53.549999,54.119999,393300
3188,2012-09-04,54.200001,55.709999,54.0,55.66,779600
3189,2012-09-05,55.830002,55.959999,55.349998,55.73,580300
3190,2012-09-06,55.939999,56.25,55.639999,55.689999,441400
3191,2012-09-07,55.82,55.900002,55.029999,55.189999,291500
3192,2012-09-10,55.02,55.200001,53.950001,54.860001,1272700
3193,2012-09-11,54.799999,55.57,54.759998,55.0,608000
3194,2012-09-12,55.18,55.380001,54.610001,54.740002,382900
3195,2012-09-13,54.68,55.150002,53.810001,54.900002,488100
3196,2012-09-14,55.200001,57.290001,55.029999,57.150002,759100
3197,2012-09-17,57.25,58.43,57.119999,58.080002,704400
3198,2012-09-18,58.09,58.290001,57.68,57.93,443300
3199,2012-09-19,58.009998,58.419998,57.389999,58.200001,882500
3200,2012-09-20,57.889999,59.0,57.889999,58.049999,815100
3201,2012-09-21,58.290001,58.93,57.290001,57.790001,1877900
3202,2012-09-24,57.669998,58.490002,57.43,58.299999,809600
3203,2012-09-25,58.369999,58.52,57.450001,57.5,521300
3204,2012-09-26,57.68,57.93,56.220001,56.529999,548300
3205,2012-09-27,56.639999,57.16,56.119999,56.34,479700
3206,2012-09-28,56.310001,57.380001,55.740002,55.880001,741900
3207,2012-10-01,56.139999,56.950001,55.73,56.630001,1210600
3208,2012-10-02,56.970001,59.0,56.939999,58.91,863300
3209,2012-10-03,59.0,59.0,57.889999,58.27,884700
3210,2012-10-04,58.330002,58.799999,57.900002,58.0,1093900
3211,2012-10-05,58.119999,58.43,57.169998,57.259998,642400
3212,2012-10-08,57.110001,57.189999,56.849998,56.93,377200
3213,2012-10-09,57.0,57.0,55.889999,55.959999,680600
3214,2012-10-10,56.080002,56.389999,55.84,56.150002,749200
3215,2012-10-11,56.369999,57.009998,56.169998,56.419998,409000
3216,2012-10-12,56.360001,56.610001,55.16,55.34,364300
3217,2012-10-15,55.290001,55.849998,55.049999,55.380001,467200
3218,2012-10-16,55.549999,56.639999,55.32,56.59,522200
3219,2012-10-17,56.599998,58.380001,56.599998,57.529999,711700
3220,2012-10-18,57.540001,57.759998,56.290001,56.470001,398900
3221,2012-10-19,56.330002,56.41,54.799999,54.860001,508000
3222,2012-10-22,54.0,54.849998,53.75,54.48,532400
3223,2012-10-23,54.220001,54.220001,52.59,53.279999,1079100
3224,2012-10-24,46.91,47.0,44.959999,44.990002,4476700
3225,2012-10-25,44.509998,46.549999,44.509998,45.75,1400400
3226,2012-10-26,45.810001,46.060001,44.970001,45.25,836500
3227,2012-10-31,45.18,45.869999,44.880001,45.669998,1199500
3228,2012-11-01,45.709999,47.82,45.709999,47.759998,1490200
3229,2012-11-02,47.759998,48.09,46.68,47.009998,963000
3230,2012-11-05,47.110001,48.91,47.009998,47.900002,1051600
3231,2012-11-06,48.02,48.599998,47.91,48.169998,885600
3232,2012-11-07,48.09,49.029999,47.639999,48.5,1063800
3233,2012-11-08,48.459999,49.189999,48.139999,48.66,887000
3234,2012-11-09,48.490002,49.830002,48.439999,49.259998,854200
3235,2012-11-12,49.259998,49.869999,48.900002,49.110001,552400
3236,2012-11-13,49.040001,49.5,48.52,49.150002,682600
3237,2012-11-14,49.299999,49.580002,48.889999,49.139999,898500
3238,2012-11-15,49.240002,49.259998,48.259998,48.549999,727300
3239,2012-11-16,48.549999,49.93,48.549999,49.48,611600
3240,2012-11-19,49.939999,51.189999,49.720001,51.18,740200
3241,2012-11-20,50.970001,51.380001,50.400002,51.369999,511500
3242,2012-11-21,51.380001,52.5,51.130001,52.459999,771600
3243,2012-11-23,52.639999,53.57,52.389999,53.529999,291800
3244,2012-11-26,53.400002,54.0,52.889999,53.950001,1013500
3245,2012-11-27,54.0,54.23,52.43,52.619999,1013200
3246,2012-11-28,52.48,52.48,50.779999,51.990002,812700
3247,2012-11-29,52.240002,53.0,52.040001,52.98,431900
3248,2012-11-30,53.16,53.48,52.200001,52.549999,522700
3249,2012-12-03,52.799999,52.93,52.189999,52.639999,320500
3250,2012-12-04,52.540001,52.990002,52.169998,52.57,714700
3251,2012-12-05,52.77,52.849998,51.419998,52.360001,760700
3252,2012-12-06,52.560001,53.27,52.16,52.240002,514700
3253,2012-12-07,52.459999,52.490002,51.560001,52.040001,356800
3254,2012-12-10,52.02,52.810001,51.759998,51.900002,491100
3255,2012-12-11,52.32,53.0,52.119999,52.939999,476200
3256,2012-12-12,52.970001,53.189999,51.619999,52.16,605000
3257,2012-12-13,50.68,51.220001,49.549999,50.259998,1166600
3258,2012-12-14,50.279999,50.98,50.049999,50.380001,631500
3259,2012-12-17,50.439999,50.779999,50.060001,50.669998,439200
3260,2012-12-18,50.869999,51.869999,50.740002,51.759998,410800
3261,2012-12-19,51.720001,51.919998,51.189999,51.490002,423400
3262,2012-12-20,51.639999,52.5,51.529999,52.450001,581300
3263,2012-12-21,52.5,52.529999,50.880001,52.509998,1252200
3264,2012-12-24,52.389999,52.669998,51.98,52.540001,241500
3265,2012-12-26,52.549999,52.740002,51.91,52.32,434800
3266,2012-12-27,52.610001,52.799999,52.080002,52.619999,413900
3267,2012-12-28,52.279999,52.59,52.040001,52.139999,324500
3268,2012-12-31,51.75,53.759998,51.75,53.419998,572900
3269,2013-01-02,54.389999,54.900002,53.080002,53.830002,1373000
3270,2013-01-03,53.540001,53.810001,52.560001,52.82,577800
3271,2013-01-04,53.09,53.389999,51.599998,51.970001,999300
3272,2013-01-07,51.970001,53.139999,51.970001,52.919998,739600
3273,2013-01-08,52.950001,53.5,52.549999,52.639999,597100
3274,2013-01-09,52.98,53.279999,52.509998,52.91,556000
3275,2013-01-10,53.110001,53.32,52.419998,52.529999,445900
3276,2013-01-11,52.639999,52.93,52.029999,52.169998,471100
3277,2013-01-14,52.189999,52.389999,51.740002,52.119999,364400
3278,2013-01-15,51.799999,52.049999,51.75,51.91,424000
3279,2013-01-16,51.900002,52.09,51.52,51.639999,486400
3280,2013-01-17,52.110001,53.150002,51.380001,52.200001,501500
3281,2013-01-18,52.419998,52.419998,51.82,52.110001,511100
3282,2013-01-22,52.0,53.540001,52.0,53.450001,413600
3283,2013-01-23,53.290001,53.5,52.57,52.73,438500
3284,2013-01-24,52.73,53.580002,52.73,53.169998,320100
3285,2013-01-25,53.41,53.650002,53.119999,53.509998,241600
3286,2013-01-28,53.5,53.599998,52.380001,52.810001,338900
3287,2013-01-29,53.07,53.48,52.77,53.279999,425500
3288,2013-01-30,53.34,53.830002,53.209999,53.490002,473300
3289,2013-01-31,53.5,54.200001,53.5,53.889999,648600
3290,2013-02-01,54.040001,54.77,53.5,53.790001,417700
3291,2013-02-04,54.099998,54.919998,53.32,53.400002,1186400
3292,2013-02-05,53.990002,55.18,53.73,54.799999,1034900
3293,2013-02-06,54.689999,55.279999,54.439999,54.560001,401000
3294,2013-02-07,54.43,54.720001,53.43,53.610001,415000
3295,2013-02-08,53.799999,54.080002,53.509998,53.759998,536200
3296,2013-02-11,53.889999,54.09,53.16,53.41,375200
3297,2013-02-12,53.18,53.98,53.18,53.810001,349300
3298,2013-02-13,53.91,54.009998,52.98,53.810001,336300
3299,2013-02-14,56.0,58.110001,55.52,56.099998,1994300
3300,2013-02-15,56.41,57.68,56.040001,56.700001,687600
3301,2013-02-19,56.799999,57.07,56.09,56.860001,612000
3302,2013-02-20,56.810001,57.360001,56.240002,56.27,636900
3303,2013-02-21,56.299999,57.330002,55.889999,56.950001,726600
3304,2013-02-22,57.049999,57.849998,56.73,57.75,417600
3305,2013-02-25,58.119999,58.509998,57.619999,57.66,866300
3306,2013-02-26,58.040001,58.5,56.799999,58.200001,820800
3307,2013-02-27,58.209999,59.57,58.029999,59.189999,522500
3308,2013-02-28,59.040001,60.259998,59.040001,59.810001,770100
3309,2013-03-01,59.669998,60.950001,59.150002,60.810001,969200
3310,2013-03-04,60.93,60.98,60.150002,60.919998,643100
3311,2013-03-05,61.150002,61.540001,60.919998,61.400002,1437100
3312,2013-03-06,61.82,61.93,61.09,61.330002,1169000
3313,2013-03-07,61.439999,61.869999,61.009998,61.330002,544900
3314,2013-03-08,61.610001,62.099998,61.0,61.73,1299300
3315,2013-03-11,61.75,62.240002,61.490002,62.09,648200
3316,2013-03-12,62.080002,62.610001,61.740002,62.490002,967400
3317,2013-03-13,62.700001,62.82,61.799999,62.040001,1276800
3318,2013-03-14,62.099998,62.349998,61.650002,61.900002,981500
3319,2013-03-15,61.939999,62.27,61.02,61.060001,1183700
3320,2013-03-18,60.950001,62.459999,60.459999,61.869999,657200
3321,2013-03-19,62.0,62.450001,61.849998,62.240002,639200
3322,2013-03-20,62.43,63.110001,62.349998,62.57,488100
3323,2013-03-21,62.41,62.709999,60.91,60.990002,954100
3324,2013-03-22,61.02,61.439999,60.549999,60.950001,827500
3325,2013-03-25,58.43,60.209999,56.849998,59.619999,3407100
3326,2013-03-26,59.919998,60.560001,59.59,60.389999,657900
3327,2013-03-27,60.099998,61.48,59.990002,61.200001,706700
3328,2013-03-28,61.119999,61.689999,60.619999,60.869999,414700
3329,2013-04-01,60.869999,61.310001,59.939999,60.040001,669800
3330,2013-04-02,60.34,60.459999,59.939999,60.09,645000
3331,2013-04-03,60.299999,60.299999,59.34,59.889999,843900
3332,2013-04-04,60.09,60.09,59.580002,60.009998,566400
3333,2013-04-05,59.32,60.029999,59.02,60.009998,688900
3334,2013-04-08,60.220001,60.450001,59.580002,59.880001,542600
3335,2013-04-09,60.080002,60.119999,59.52,59.639999,919400
3336,2013-04-10,60.189999,61.619999,59.869999,61.259998,817600
3337,2013-04-11,61.200001,61.77,61.0,61.549999,594000
3338,2013-04-12,61.450001,61.709999,60.68,61.669998,429200
3339,2013-04-15,61.419998,61.610001,59.970001,60.240002,627800
3340,2013-04-16,60.759998,61.119999,60.279999,61.080002,473000
3341,2013-04-17,60.830002,60.93,59.5,60.5,816600
3342,2013-04-18,60.689999,60.689999,59.32,59.669998,655300
3343,2013-04-19,59.869999,60.419998,59.439999,60.259998,615700
3344,2013-04-22,60.389999,61.43,59.59,61.16,594400
3345,2013-04-23,61.700001,62.459999,61.150002,61.66,771200
3346,2013-04-24,61.779999,64.0,61.259998,63.220001,1341500
3347,2013-04-25,59.049999,61.860001,59.049999,61.669998,1966500
3348,2013-04-26,60.830002,63.290001,60.830002,62.200001,913300
3349,2013-04-29,62.549999,65.419998,62.290001,64.980003,1262900
3350,2013-04-30,65.040001,68.25,64.980003,66.779999,1736700
3351,2013-05-01,66.779999,67.0,65.790001,66.68,998800
3352,2013-05-02,66.75,67.459999,66.519997,67.169998,568000
3353,2013-05-03,67.660004,67.75,65.650002,65.809998,878100
3354,2013-05-06,65.980003,66.199997,65.290001,65.849998,555800
3355,2013-05-07,65.830002,65.870003,65.239998,65.43,768200
3356,2013-05-08,65.470001,65.900002,65.150002,65.400002,609500
3357,2013-05-09,65.150002,65.349998,64.370003,65.099998,353600
3358,2013-05-10,65.239998,66.919998,65.150002,66.580002,939500
3359,2013-05-13,66.510002,68.050003,66.349998,67.5,575600
3360,2013-05-14,67.650002,68.379997,67.5,68.25,731900
3361,2013-05-15,68.400002,68.910004,67.43,67.860001,560300
3362,2013-05-16,67.870003,69.169998,67.150002,68.480003,920500
3363,2013-05-17,68.629997,69.209999,67.709999,69.169998,515100
3364,2013-05-20,68.669998,69.260002,68.059998,68.110001,382300
3365,2013-05-21,68.379997,68.860001,67.379997,68.470001,801300
3366,2013-05-22,68.489998,69.650002,67.129997,67.82,581500
3367,2013-05-23,67.470001,67.790001,66.75,67.610001,552400
3368,2013-05-24,67.580002,67.580002,65.25,66.349998,794100
3369,2013-05-28,66.769997,67.339996,66.540001,67.190002,606000
3370,2013-05-29,66.709999,67.75,66.129997,67.0,538200
3371,2013-05-30,67.279999,69.489998,67.099998,69.309998,548900
3372,2013-05-31,68.970001,69.129997,66.459999,66.489998,495500
3373,2013-06-03,67.059998,67.150002,64.529999,66.400002,884600
3374,2013-06-04,66.300003,66.730003,64.68,65.220001,509800
3375,2013-06-05,65.010002,65.669998,63.16,63.5,693300
3376,2013-06-06,63.48,64.889999,63.25,64.839996,587400
3377,2013-06-07,65.050003,67.120003,65.050003,67.0,445100
3378,2013-06-10,67.309998,67.459999,65.410004,66.370003,329700
3379,2013-06-11,65.709999,67.260002,65.190002,66.82,435800
3380,2013-06-12,67.519997,67.839996,66.239998,66.339996,422400
3381,2013-06-13,65.809998,66.480003,65.209999,65.870003,517600
3382,2013-06-14,65.949997,65.949997,64.68,65.419998,270100
3383,2013-06-17,65.989998,66.059998,64.419998,64.760002,409100
3384,2013-06-18,64.800003,65.879997,64.410004,65.669998,265600
3385,2013-06-19,65.75,65.970001,64.68,64.989998,442500
3386,2013-06-20,64.5,64.849998,62.860001,63.220001,458800
3387,2013-06-21,63.380001,64.550003,62.779999,63.34,818300
3388,2013-06-24,63.009998,63.029999,61.23,61.580002,623600
3389,2013-06-25,62.25,62.400002,61.580002,62.259998,503900
3390,2013-06-26,62.830002,64.550003,62.040001,63.900002,941600
3391,2013-06-27,64.580002,64.910004,64.040001,64.440002,528900
3392,2013-06-28,64.239998,66.82,64.0,65.82,929000
3393,2013-07-01,66.510002,69.489998,66.230003,67.629997,821800
3394,2013-07-02,67.800003,68.300003,66.580002,66.660004,624600
3395,2013-07-03,66.529999,66.839996,66.010002,66.099998,494700
3396,2013-07-05,66.330002,67.970001,66.330002,67.209999,340200
3397,2013-07-08,67.580002,68.239998,67.260002,68.139999,467700
3398,2013-07-09,68.580002,68.93,67.18,67.959999,442800
3399,2013-07-10,67.720001,68.220001,67.449997,67.839996,506900
3400,2013-07-11,68.849998,69.0,67.220001,68.110001,969800
3401,2013-07-12,67.970001,69.68,67.360001,69.080002,1187600
3402,2013-07-15,69.370003,69.68,68.139999,69.199997,891600
3403,2013-07-16,69.400002,69.400002,67.440002,67.959999,591900
3404,2013-07-17,68.300003,68.940002,67.029999,68.279999,869600
3405,2013-07-18,68.510002,70.0,68.18,69.849998,403700
3406,2013-07-19,69.43,71.150002,69.220001,70.0,567000
3407,2013-07-22,70.089996,71.75,70.089996,71.220001,494100
3408,2013-07-23,71.300003,71.379997,70.25,70.790001,435600
3409,2013-07-24,71.25,71.529999,70.290001,70.610001,324100
3410,2013-07-25,73.849998,74.459999,70.190002,71.830002,905100
3411,2013-07-26,71.5,72.669998,71.120003,72.5,340300
3412,2013-07-29,72.5,72.889999,71.57,72.629997,397200
3413,2013-07-30,72.989998,74.639999,72.699997,73.75,964200
3414,2013-07-31,73.900002,75.370003,73.339996,74.93,783900
3415,2013-08-01,75.709999,76.470001,74.639999,75.870003,832700
3416,2013-08-02,75.870003,76.75,75.18,76.690002,428000
3417,2013-08-05,76.93,76.949997,75.010002,75.139999,561700
3418,2013-08-06,74.910004,75.18,73.339996,73.839996,689900
3419,2013-08-07,73.610001,74.190002,73.129997,73.459999,375100
3420,2013-08-08,74.139999,74.139999,72.870003,73.269997,242000
3421,2013-08-09,73.269997,74.169998,73.07,73.75,171400
3422,2013-08-12,73.660004,73.75,72.910004,73.559998,190100
3423,2013-08-13,74.0,74.309998,73.330002,73.760002,332300
3424,2013-08-14,73.900002,74.080002,72.779999,72.800003,722000
3425,2013-08-15,72.199997,72.279999,70.739998,71.139999,445000
3426,2013-08-16,71.059998,72.379997,70.580002,71.209999,350300
3427,2013-08-19,70.93,72.360001,70.730003,70.739998,239200
3428,2013-08-20,70.620003,72.580002,70.620003,72.080002,303200
3429,2013-08-21,71.589996,72.849998,71.199997,71.919998,271700
3430,2013-08-22,72.050003,73.029999,71.790001,72.610001,296400
3431,2013-08-23,72.849998,73.440002,71.489998,71.660004,237200
3432,2013-08-26,72.040001,73.849998,71.660004,73.379997,229500
3433,2013-08-27,72.559998,72.980003,70.849998,71.290001,274300
3434,2013-08-28,71.330002,72.379997,70.339996,72.199997,421300
3435,2013-08-29,72.290001,73.809998,71.660004,73.120003,276900
3436,2013-08-30,73.269997,73.269997,70.68,70.910004,260100
3437,2013-09-03,71.870003,72.639999,70.949997,72.029999,449600
3438,2013-09-04,72.379997,73.650002,72.029999,73.5,436500
3439,2013-09-05,73.110001,74.519997,72.849998,74.169998,272600
3440,2013-09-06,74.290001,74.290001,72.279999,73.669998,316400
3441,2013-09-09,73.470001,75.790001,73.360001,75.739998,385900
3442,2013-09-10,76.610001,77.169998,75.230003,77.139999,662200
3443,2013-09-11,77.18,78.379997,76.230003,77.349998,544700
3444,2013-09-12,77.360001,77.919998,76.18,77.150002,318500
3445,2013-09-13,77.779999,77.949997,76.870003,77.589996,240900
3446,2013-09-16,78.709999,79.190002,77.68,78.980003,243900
3447,2013-09-17,79.160004,79.949997,78.540001,79.580002,316100
3448,2013-09-18,79.540001,79.540001,78.029999,79.309998,230200
3449,2013-09-19,79.669998,79.889999,77.760002,78.669998,250700
3450,2013-09-20,79.0,79.470001,77.769997,77.860001,432300
3451,2013-09-23,78.040001,78.360001,77.040001,77.400002,297400
3452,2013-09-24,77.400002,77.809998,76.199997,77.160004,229000
3453,2013-09-25,77.5,77.790001,76.019997,77.220001,394000
3454,2013-09-26,77.580002,79.160004,77.139999,78.959999,327800
3455,2013-09-27,78.709999,79.900002,77.949997,78.720001,279500
3456,2013-09-30,77.779999,79.019997,77.220001,78.849998,443400
3457,2013-10-01,79.0,82.360001,78.400002,82.279999,1479600
3458,2013-10-02,82.010002,83.739998,81.510002,83.669998,727500
3459,2013-10-03,83.150002,85.269997,83.150002,84.669998,1143900
3460,2013-10-04,85.059998,85.919998,84.370003,85.480003,547700
3461,2013-10-07,84.25,85.57,83.519997,85.080002,491100
3462,2013-10-08,85.400002,85.650002,81.18,81.470001,946500
3463,2013-10-09,81.290001,82.099998,78.139999,80.029999,702100
3464,2013-10-10,81.470001,83.540001,81.019997,81.480003,594100
3465,2013-10-11,81.360001,82.559998,80.949997,81.790001,653200
3466,2013-10-14,81.550003,82.400002,80.790001,81.900002,336500
3467,2013-10-15,81.800003,82.139999,80.480003,80.690002,306700
3468,2013-10-16,81.559998,81.989998,80.970001,81.739998,562100
3469,2013-10-17,81.010002,82.639999,80.510002,82.010002,468500
3470,2013-10-18,82.68,82.989998,81.150002,82.470001,449900
3471,2013-10-21,82.779999,83.25,80.769997,81.120003,577400
3472,2013-10-22,81.739998,83.220001,81.260002,82.599998,418600
3473,2013-10-23,82.5,83.470001,82.0,82.830002,554800
3474,2013-10-24,83.309998,84.349998,83.019997,83.480003,446100
3475,2013-10-25,83.870003,83.959999,81.599998,82.650002,364500
3476,2013-10-28,82.360001,83.599998,81.830002,83.389999,417600
3477,2013-10-29,85.059998,87.5,83.650002,86.5,1053900
3478,2013-10-30,87.269997,87.449997,85.309998,86.580002,720400
3479,2013-10-31,86.519997,89.080002,86.25,88.519997,933200
3480,2013-11-01,88.790001,90.440002,88.019997,90.339996,781200
3481,2013-11-04,90.25,90.730003,89.220001,89.709999,388200
3482,2013-11-05,89.150002,90.470001,88.050003,90.110001,666800
3483,2013-11-06,89.830002,90.800003,88.43,89.93,692900
3484,2013-11-07,90.480003,91.199997,87.529999,87.629997,645900
3485,2013-11-08,87.919998,91.970001,87.919998,90.459999,566100
3486,2013-11-11,90.300003,92.120003,89.709999,91.860001,665500
3487,2013-11-12,92.230003,93.389999,91.129997,93.209999,533300
3488,2013-11-13,92.82,93.660004,91.019997,91.650002,465900
3489,2013-11-14,92.0,93.519997,91.480003,93.059998,505000
3490,2013-11-15,93.209999,94.169998,92.080002,94.0,320800
3491,2013-11-18,93.980003,94.220001,91.019997,91.370003,408100
3492,2013-11-19,91.269997,93.220001,90.870003,92.57,452800
3493,2013-11-20,92.779999,93.160004,91.080002,91.639999,277100
3494,2013-11-21,92.120003,93.0,91.330002,92.599998,697600
3495,2013-11-22,93.059998,94.040001,92.760002,93.339996,275700
3496,2013-11-25,93.5,94.379997,92.660004,92.949997,382900
3497,2013-11-26,92.93,93.239998,91.860001,92.330002,405300
3498,2013-11-27,92.669998,93.470001,90.970001,91.540001,672700
3499,2013-11-29,91.550003,92.900002,91.120003,92.309998,241800
3500,2013-12-02,92.82,95.099998,91.919998,94.949997,645200
3501,2013-12-03,95.0,95.230003,92.739998,93.470001,850600
3502,2013-12-04,92.830002,93.18,90.599998,90.720001,1108400
3503,2013-12-05,90.739998,90.739998,88.629997,89.239998,946600
3504,2013-12-06,89.980003,91.110001,88.93,90.970001,596000
3505,2013-12-09,89.730003,91.370003,89.279999,90.459999,444300
3506,2013-12-10,90.43,92.5,89.720001,91.769997,783500
3507,2013-12-11,91.809998,91.949997,89.720001,89.959999,625600
3508,2013-12-12,89.800003,91.120003,89.269997,90.650002,438000
3509,2013-12-13,91.190002,91.269997,87.989998,88.190002,545300
3510,2013-12-16,88.32,90.190002,88.050003,88.440002,417800
3511,2013-12-17,88.5,88.5,85.730003,85.889999,647500
3512,2013-12-18,86.190002,88.889999,85.400002,88.589996,580700
3513,2013-12-19,88.580002,88.580002,85.760002,86.760002,453800
3514,2013-12-20,87.029999,88.099998,85.760002,87.839996,918900
3515,2013-12-23,104.639999,115.480003,103.080002,114.510002,4882500
3516,2013-12-24,114.349998,116.650002,112.519997,112.849998,1041300
3517,2013-12-26,112.559998,114.059998,111.269997,111.989998,831600
3518,2013-12-27,111.989998,115.0,111.93,113.57,661600
3519,2013-12-30,113.449997,114.470001,111.019997,112.330002,453900
3520,2013-12-31,113.779999,114.699997,111.910004,113.080002,511800
3521,2014-01-02,112.790001,112.970001,109.699997,110.900002,608400
3522,2014-01-03,111.25,111.790001,109.860001,111.309998,569100
3523,2014-01-06,111.919998,112.75,110.110001,111.379997,807600
3524,2014-01-07,112.300003,112.620003,109.099998,110.43,693300
3525,2014-01-08,110.150002,110.269997,108.959999,109.699997,751600
3526,2014-01-09,110.0,110.970001,107.209999,108.739998,710200
3527,2014-01-10,109.660004,111.080002,108.260002,110.989998,788100
3528,2014-01-13,110.900002,113.75,106.559998,108.25,922200
3529,2014-01-14,108.879997,111.510002,107.629997,110.849998,1033000
3530,2014-01-15,111.089996,112.540001,109.529999,110.489998,476400
3531,2014-01-16,109.910004,113.830002,109.559998,113.32,869100
3532,2014-01-17,113.470001,113.470001,110.57,110.919998,534400
3533,2014-01-21,112.519997,113.779999,111.129997,113.389999,645700
3534,2014-01-22,114.110001,115.0,112.449997,113.360001,410400
3535,2014-01-23,113.379997,114.199997,111.290001,112.889999,462600
3536,2014-01-24,111.760002,111.760002,107.059998,107.540001,580000
3537,2014-01-27,107.660004,107.660004,102.830002,105.709999,625400
3538,2014-01-28,106.040001,108.209999,104.5,107.559998,415000
3539,2014-01-29,107.279999,107.809998,104.919998,105.629997,415500
3540,2014-01-30,107.169998,107.510002,105.040001,106.32,475100
3541,2014-01-31,104.970001,104.970001,102.32,102.620003,674000
3542,2014-02-03,102.459999,102.620003,96.809998,97.150002,1300800
3543,2014-02-04,97.260002,99.860001,97.0,97.540001,1213100
3544,2014-02-05,96.889999,98.099998,95.019997,96.040001,1257200
3545,2014-02-06,96.339996,97.860001,95.57,97.209999,664500
3546,2014-02-07,96.610001,99.239998,96.589996,97.660004,1439100
3547,2014-02-10,97.519997,98.360001,96.769997,97.940002,1339900
3548,2014-02-11,97.860001,100.349998,97.57,99.43,964000
3549,2014-02-12,99.709999,101.209999,99.540001,99.760002,996600
3550,2014-02-13,99.279999,101.290001,99.089996,100.940002,666600
3551,2014-02-14,100.099998,101.220001,99.150002,100.669998,431400
3552,2014-02-18,101.68,103.550003,100.809998,102.910004,549100
3553,2014-02-19,102.879997,103.919998,101.809998,102.260002,658900
3554,2014-02-20,102.489998,106.010002,101.709999,105.629997,675400
3555,2014-02-21,105.650002,106.959999,103.199997,103.339996,615900
3556,2014-02-24,104.309998,105.949997,103.879997,104.529999,861900
3557,2014-02-25,105.209999,106.889999,99.160004,100.5,1165000
3558,2014-02-26,100.489998,101.139999,98.650002,100.25,921400
3559,2014-02-27,99.660004,102.690002,99.459999,102.25,558200
3560,2014-02-28,102.5,103.730003,100.919998,101.419998,1122000
3561,2014-03-03,99.870003,102.68,99.400002,100.370003,731600
3562,2014-03-04,101.629997,103.57,101.080002,103.139999,966600
3563,2014-03-05,102.809998,104.989998,101.809998,101.910004,636400
3564,2014-03-06,101.389999,103.779999,98.879997,99.07,754400
3565,2014-03-07,99.75,101.239998,97.419998,100.959999,1155000
3566,2014-03-10,101.519997,101.559998,99.32,100.309998,654200
3567,2014-03-11,99.989998,100.099998,93.0,95.32,1729100
3568,2014-03-12,94.879997,95.580002,93.239998,95.440002,669200
3569,2014-03-13,96.440002,96.739998,93.589996,94.940002,650400
3570,2014-03-14,94.519997,96.019997,93.580002,94.959999,823900
3571,2014-03-17,95.260002,97.349998,94.459999,95.849998,582000
3572,2014-03-18,96.190002,99.589996,95.860001,98.459999,580100
3573,2014-03-19,98.510002,98.82,96.650002,96.730003,415000
3574,2014-03-20,96.040001,97.32,95.709999,96.110001,344800
3575,2014-03-21,96.660004,96.660004,92.0,94.75,1107800
3576,2014-03-24,94.75,94.860001,90.25,94.110001,818300
3577,2014-03-25,94.470001,98.599998,93.489998,94.489998,785300
3578,2014-03-26,95.559998,98.620003,93.540001,93.620003,666900
3579,2014-03-27,93.510002,95.57,91.339996,93.860001,1062200
3580,2014-03-28,93.800003,95.629997,90.25,90.669998,786700
3581,2014-03-31,87.940002,94.300003,87.940002,94.029999,855600
3582,2014-04-01,95.129997,97.919998,95.0,97.779999,820200
3583,2014-04-02,97.779999,99.110001,95.220001,96.57,837800
3584,2014-04-03,95.839996,96.199997,92.330002,93.220001,1004400
3585,2014-04-04,93.860001,94.5,89.790001,90.940002,817300
3586,2014-04-07,90.599998,95.279999,89.089996,93.349998,1401500
3587,2014-04-08,93.349998,95.029999,92.010002,94.410004,989400
3588,2014-04-09,94.550003,98.449997,93.93,98.080002,827700
3589,2014-04-10,98.050003,98.050003,94.57,96.150002,1527000
3590,2014-04-11,95.110001,97.739998,92.68,92.779999,1354800
3591,2014-04-14,93.660004,96.220001,92.980003,94.769997,920000
3592,2014-04-15,95.110001,96.669998,91.610001,96.110001,1476200
3593,2014-04-16,97.290001,98.900002,95.949997,98.220001,968800
3594,2014-04-17,98.0,99.980003,95.980003,96.199997,815200
3595,2014-04-21,96.400002,96.839996,94.510002,96.190002,608500
3596,2014-04-22,96.0,97.389999,94.989998,95.93,1061300
3597,2014-04-23,96.010002,96.660004,93.620003,93.629997,749500
3598,2014-04-24,94.510002,94.68,91.019997,93.5,1077300
3599,2014-04-25,93.050003,94.599998,90.849998,90.870003,544100
3600,2014-04-28,91.519997,93.760002,88.910004,89.0,1186600
3601,2014-04-29,91.68,96.239998,89.580002,94.459999,1535500
3602,2014-04-30,94.889999,100.599998,91.260002,100.010002,1510100
3603,2014-05-01,100.580002,103.610001,98.419998,102.199997,1339100
3604,2014-05-02,102.0,104.830002,100.550003,104.220001,1077400
3605,2014-05-05,103.300003,106.699997,102.139999,106.559998,994900
3606,2014-05-06,106.0,107.980003,104.879997,106.949997,1198900
3607,2014-05-07,107.139999,107.980003,105.419998,107.809998,939600
3608,2014-05-08,107.099998,109.239998,104.5,105.360001,975100
3609,2014-05-09,105.480003,107.129997,104.389999,106.5,637500
3610,2014-05-12,106.669998,107.809998,105.93,106.410004,706700
3611,2014-05-13,107.660004,107.93,103.720001,103.980003,986400
3612,2014-05-14,103.779999,104.599998,101.589996,103.099998,511100
3613,2014-05-15,102.970001,103.410004,100.260002,101.489998,503600
3614,2014-05-16,101.459999,101.660004,99.769997,100.639999,482000
3615,2014-05-19,100.410004,101.800003,100.019997,101.639999,688500
3616,2014-05-20,101.559998,102.309998,98.07,98.610001,596900
3617,2014-05-21,99.150002,99.589996,97.940002,99.18,392600
3618,2014-05-22,99.419998,102.379997,99.099998,100.949997,592600
3619,2014-05-23,100.599998,101.5,98.870003,99.379997,388600
3620,2014-05-27,100.0,100.379997,98.110001,98.5,586700
3621,2014-05-28,98.199997,99.099998,94.779999,94.849998,873800
3622,2014-05-29,94.860001,96.510002,94.650002,95.739998,895900
3623,2014-05-30,95.839996,96.220001,95.18,95.739998,697500
3624,2014-06-02,96.209999,96.730003,94.730003,95.580002,573700
3625,2014-06-03,95.25,95.690002,94.57,95.620003,540700
3626,2014-06-04,95.209999,96.93,94.980003,96.699997,417700
3627,2014-06-05,96.989998,97.559998,95.43,96.980003,343000
3628,2014-06-06,97.010002,98.0,95.589996,96.32,398500
3629,2014-06-09,96.269997,97.669998,95.580002,96.769997,356600
3630,2014-06-10,96.5,97.559998,94.800003,96.349998,493900
3631,2014-06-11,95.669998,98.629997,95.419998,98.370003,518500
3632,2014-06-12,98.239998,99.360001,96.900002,97.389999,394700
3633,2014-06-13,97.25,98.040001,89.459999,89.629997,1697500
3634,2014-06-16,89.660004,99.370003,89.239998,90.449997,2030800
3635,2014-06-17,90.110001,90.550003,86.07,86.300003,1862000
3636,2014-06-18,86.889999,87.440002,84.940002,86.139999,1393800
3637,2014-06-19,84.970001,87.040001,84.629997,87.019997,764300
3638,2014-06-20,87.43,89.269997,86.43,87.459999,1187100
3639,2014-06-23,87.800003,89.989998,86.68,87.720001,478500
3640,2014-06-24,87.410004,90.300003,87.410004,87.739998,746900
3641,2014-06-25,87.449997,88.410004,86.940002,88.0,485200
3642,2014-06-26,88.190002,88.760002,86.129997,88.029999,290500
3643,2014-06-27,91.300003,91.300003,88.050003,89.449997,804000
3644,2014-06-30,89.620003,90.839996,88.419998,88.489998,587200
3645,2014-07-01,89.110001,92.239998,89.110001,91.480003,623900
3646,2014-07-02,91.650002,93.040001,90.860001,91.400002,671100
3647,2014-07-03,91.620003,92.290001,90.529999,90.580002,583800
3648,2014-07-07,90.550003,91.790001,89.760002,90.160004,1082700
3649,2014-07-08,90.360001,93.660004,89.199997,92.980003,1005300
3650,2014-07-09,92.940002,93.57,91.0,93.160004,854900
3651,2014-07-10,92.459999,93.800003,91.139999,92.949997,486900
3652,2014-07-11,93.089996,93.82,91.860001,93.260002,324300
3653,2014-07-14,94.0,94.0,92.260002,93.129997,551000
3654,2014-07-15,92.449997,94.400002,91.190002,91.43,995800
3655,2014-07-16,92.139999,92.330002,90.190002,90.68,537700
3656,2014-07-17,90.449997,91.349998,89.360001,89.739998,519700
3657,2014-07-18,89.809998,91.629997,89.809998,91.519997,883600
3658,2014-07-21,90.980003,92.190002,89.599998,91.970001,547800
3659,2014-07-22,92.559998,93.980003,91.93,93.25,437800
3660,2014-07-23,93.830002,95.730003,92.510002,93.779999,407700
3661,2014-07-24,93.779999,94.669998,92.150002,92.330002,412600
3662,2014-07-25,91.769997,92.220001,90.419998,91.589996,381500
3663,2014-07-28,92.0,92.029999,89.919998,90.849998,325900
3664,2014-07-29,95.0,102.269997,94.0,98.209999,1665000
3665,2014-07-30,99.470001,101.82,92.830002,93.290001,1230400
3666,2014-07-31,92.720001,93.239998,89.360001,90.940002,733700
3667,2014-08-01,90.639999,90.93,88.510002,89.510002,710100
3668,2014-08-04,89.779999,90.790001,88.699997,90.0,625900
3669,2014-08-05,89.440002,90.800003,89.080002,90.110001,459600
3670,2014-08-06,89.760002,90.839996,88.059998,88.650002,588100
3671,2014-08-07,88.550003,89.239998,86.040001,86.440002,561000
3672,2014-08-08,86.18,89.059998,86.050003,88.739998,401100
3673,2014-08-11,89.620003,89.620003,87.120003,87.400002,492500
3674,2014-08-12,87.389999,88.589996,86.769997,88.5,481500
3675,2014-08-13,88.68,89.18,86.82,87.900002,456600
3676,2014-08-14,88.260002,89.839996,87.639999,89.760002,350000
3677,2014-08-15,90.080002,91.989998,89.849998,91.790001,571300
3678,2014-08-18,92.739998,93.330002,91.919998,92.809998,446500
3679,2014-08-19,93.0,94.010002,92.68,93.309998,476900
3680,2014-08-20,93.330002,93.57,92.599998,93.269997,440400
3681,2014-08-21,93.559998,93.940002,92.489998,93.75,461200
3682,2014-08-22,93.980003,94.690002,93.160004,94.129997,362900
3683,2014-08-25,94.550003,96.199997,93.970001,94.769997,344500
3684,2014-08-26,95.190002,95.550003,93.620003,94.510002,408400
3685,2014-08-27,94.68,94.940002,92.260002,92.860001,634600
3686,2014-08-28,92.889999,93.510002,91.419998,91.690002,487600
3687,2014-08-29,90.400002,118.760002,90.400002,117.830002,6442600
3688,2014-09-02,115.739998,119.059998,113.129997,115.220001,1595700
3689,2014-09-03,115.510002,115.699997,112.050003,113.599998,1229000
3690,2014-09-04,114.099998,114.230003,111.849998,112.379997,546700
3691,2014-09-05,112.32,112.639999,110.120003,112.160004,800000
3692,2014-09-08,111.620003,115.629997,111.279999,114.93,897100
3693,2014-09-09,114.449997,121.879997,114.370003,117.339996,2371900
3694,2014-09-10,117.550003,122.129997,116.089996,121.879997,1407400
3695,2014-09-11,121.160004,122.610001,119.449997,122.379997,866700
3696,2014-09-12,121.300003,125.330002,121.300003,124.839996,1077100
3697,2014-09-15,124.529999,126.970001,122.419998,126.5,1263600
3698,2014-09-16,126.449997,127.32,124.870003,127.010002,874000
3699,2014-09-17,126.720001,130.440002,126.720001,129.190002,1063300
3700,2014-09-18,129.429993,131.279999,125.639999,130.929993,757100
3701,2014-09-19,130.619995,131.970001,128.229996,130.119995,1625500
3702,2014-09-22,130.139999,134.190002,128.339996,133.679993,1466500
3703,2014-09-23,132.800003,134.229996,130.119995,131.020004,984600
3704,2014-09-24,131.699997,136.929993,130.589996,136.160004,1035700
3705,2014-09-25,134.470001,135.940002,132.210007,135.0,1132900
3706,2014-09-26,135.190002,136.470001,133.479996,135.740005,651700
3707,2014-09-29,134.330002,135.690002,131.839996,132.710007,922000
3708,2014-09-30,132.380005,134.990005,128.529999,128.649994,1093400
3709,2014-10-01,129.039993,131.490005,126.68,130.440002,1589900
3710,2014-10-02,130.539993,131.860001,125.849998,129.460007,990500
3711,2014-10-03,130.100006,131.690002,128.589996,129.410004,1354700
3712,2014-10-06,130.119995,131.639999,127.419998,128.100006,946200
3713,2014-10-07,127.059998,132.130005,125.169998,130.139999,1116000
3714,2014-10-08,130.520004,132.960007,129.070007,132.0,980100
3715,2014-10-09,131.479996,132.210007,127.75,128.550003,888500
3716,2014-10-10,128.289993,130.770004,125.870003,125.980003,837500
3717,2014-10-13,126.0,127.720001,121.779999,122.25,859000
3718,2014-10-14,123.080002,125.839996,118.470001,122.110001,1164300
3719,2014-10-15,120.080002,125.699997,119.25,124.040001,964900
3720,2014-10-16,122.230003,125.639999,119.769997,124.379997,775400
3721,2014-10-17,125.050003,127.040001,123.739998,124.660004,1106200
3722,2014-10-20,124.279999,126.57,123.040001,126.459999,603400
3723,2014-10-21,127.209999,128.690002,124.790001,127.610001,752300
3724,2014-10-22,127.910004,131.440002,126.980003,129.0,703000
3725,2014-10-23,130.910004,132.0,127.760002,128.779999,639200
3726,2014-10-24,128.929993,132.809998,128.759995,132.350006,460100
3727,2014-10-27,131.860001,133.669998,130.270004,133.149994,726800
3728,2014-10-28,126.900002,131.0,121.160004,130.490005,2065200
3729,2014-10-29,131.0,133.669998,129.279999,130.600006,696700
3730,2014-10-30,130.169998,131.839996,129.160004,130.429993,814500
3731,2014-10-31,133.220001,133.660004,130.259995,130.970001,766200
3732,2014-11-03,129.809998,130.720001,125.019997,130.419998,1398100
3733,2014-11-04,130.229996,130.270004,124.550003,124.809998,858600
3734,2014-11-05,126.760002,127.019997,123.120003,123.209999,911300
3735,2014-11-06,122.889999,125.800003,122.889999,125.330002,762600
3736,2014-11-07,125.639999,125.709999,123.510002,124.209999,1323800
3737,2014-11-10,124.879997,126.059998,124.419998,125.169998,531000
3738,2014-11-11,125.470001,126.540001,123.550003,123.75,544400
3739,2014-11-12,123.610001,123.699997,122.019997,122.57,634500
3740,2014-11-13,122.559998,125.629997,122.559998,125.43,447400
3741,2014-11-14,125.510002,126.160004,123.059998,125.43,417700
3742,2014-11-17,125.269997,126.989998,123.519997,125.650002,571200
3743,2014-11-18,125.160004,128.270004,124.349998,128.210007,539000
3744,2014-11-19,128.550003,129.830002,126.599998,128.0,617400
3745,2014-11-20,127.480003,129.850006,126.110001,129.220001,443500
3746,2014-11-21,130.850006,131.860001,129.110001,129.470001,619500
3747,2014-11-24,129.940002,132.070007,129.600006,131.210007,601900
3748,2014-11-25,131.119995,132.5,128.710007,131.300003,393500
3749,2014-11-26,130.679993,131.529999,129.089996,131.220001,250400
3750,2014-11-28,131.449997,134.729996,130.559998,132.570007,261800
3751,2014-12-01,132.75,135.190002,131.089996,131.679993,394000
3752,2014-12-02,131.990005,134.179993,131.660004,133.630005,442400
3753,2014-12-03,134.410004,135.070007,131.619995,132.350006,426800
3754,2014-12-04,132.470001,133.300003,128.789993,129.050003,417600
3755,2014-12-05,129.839996,130.830002,127.639999,128.5,573100
3756,2014-12-08,128.399994,134.649994,127.139999,133.800003,630200
3757,2014-12-09,131.240005,135.990005,130.059998,134.800003,572600
3758,2014-12-10,135.210007,137.839996,130.339996,131.419998,652800
3759,2014-12-11,128.559998,133.809998,127.0,131.229996,668100
3760,2014-12-12,129.059998,131.899994,128.919998,129.369995,605700
3761,2014-12-15,130.759995,132.309998,128.029999,128.850006,526000
3762,2014-12-16,128.130005,128.789993,125.959999,126.040001,656700
3763,2014-12-17,125.940002,128.009995,124.019997,127.5,822300
3764,2014-12-18,129.309998,133.350006,127.599998,131.110001,610400
3765,2014-12-19,131.410004,134.490005,129.860001,133.559998,1013900
3766,2014-12-22,133.320007,134.490005,131.509995,133.820007,771800
3767,2014-12-23,135.419998,135.419998,126.690002,127.82,680400
3768,2014-12-24,127.309998,131.410004,124.660004,130.220001,172000
3769,2014-12-26,131.25,132.919998,130.220001,131.949997,223000
3770,2014-12-29,132.399994,134.369995,130.279999,132.050003,300600
3771,2014-12-30,132.220001,132.970001,129.839996,130.800003,342400
3772,2014-12-31,131.630005,133.610001,129.25,129.490005,295700
3773,2015-01-02,129.5,130.130005,125.0,127.730003,603700
3774,2015-01-05,126.839996,128.929993,125.410004,126.830002,498100
3775,2015-01-06,127.110001,130.350006,124.260002,124.93,937100
3776,2015-01-07,125.529999,128.419998,124.209999,125.800003,690100
3777,2015-01-08,126.870003,129.649994,126.629997,128.130005,476300
3778,2015-01-09,128.880005,130.229996,127.029999,129.0,461900
3779,2015-01-12,129.779999,133.089996,129.039993,132.289993,596200
3780,2015-01-13,133.919998,136.889999,132.729996,134.710007,787500
3781,2015-01-14,133.919998,136.210007,133.339996,135.850006,718800
3782,2015-01-15,136.0,139.240005,135.539993,137.839996,743300
3783,2015-01-16,137.800003,141.309998,137.399994,141.089996,776100
3784,2015-01-20,141.779999,148.190002,140.929993,146.479996,876100
3785,2015-01-21,145.649994,149.020004,145.259995,146.699997,641800
3786,2015-01-22,146.970001,148.440002,143.539993,147.410004,543000
3787,2015-01-23,147.389999,148.970001,144.809998,145.300003,396600
3788,2015-01-26,144.699997,147.25,143.350006,146.460007,422900
3789,2015-01-27,145.360001,148.800003,145.360001,147.190002,270400
3790,2015-01-28,148.059998,148.679993,143.759995,144.110001,594000
3791,2015-01-29,144.660004,145.470001,142.089996,142.570007,510600
3792,2015-01-30,141.789993,144.270004,140.149994,141.130005,581900
3793,2015-02-02,141.979996,144.169998,138.320007,141.960007,491400
3794,2015-02-03,142.190002,143.770004,137.869995,141.990005,388000
3795,2015-02-04,140.339996,141.770004,137.669998,140.550003,357400
3796,2015-02-05,140.25,143.0,140.149994,141.919998,258700
3797,2015-02-06,141.820007,144.5,141.220001,141.910004,329400
3798,2015-02-09,141.580002,144.550003,140.570007,142.600006,450300
3799,2015-02-10,143.289993,147.460007,142.199997,146.679993,512300
3800,2015-02-11,146.119995,149.419998,145.550003,146.820007,290900
3801,2015-02-12,146.589996,147.880005,144.600006,147.520004,357000
3802,2015-02-13,148.080002,151.25,146.020004,151.110001,469800
3803,2015-02-17,150.490005,155.440002,149.220001,155.139999,675000
3804,2015-02-18,155.619995,156.380005,153.649994,155.600006,331400
3805,2015-02-19,155.789993,157.059998,154.25,155.720001,359000
3806,2015-02-20,155.850006,156.979996,154.589996,156.009995,419100
3807,2015-02-23,157.009995,160.389999,151.910004,154.350006,988100
3808,2015-02-24,157.369995,157.369995,148.039993,155.160004,1103600
3809,2015-02-25,156.139999,164.380005,152.440002,157.919998,1061800
3810,2015-02-26,158.389999,158.889999,153.619995,155.580002,712900
3811,2015-02-27,154.800003,156.449997,152.080002,155.050003,441700
3812,2015-03-02,154.75,156.229996,153.979996,155.419998,497200
3813,2015-03-03,155.309998,158.110001,154.0,157.740005,573200
3814,2015-03-04,157.020004,159.550003,155.380005,157.330002,602200
3815,2015-03-05,157.360001,163.119995,156.199997,161.360001,717500
3816,2015-03-06,160.410004,162.210007,158.089996,160.649994,627600
3817,2015-03-09,161.259995,162.160004,157.869995,160.440002,470100
3818,2015-03-10,159.240005,164.820007,156.850006,163.839996,878800
3819,2015-03-11,165.0,165.0,159.690002,162.869995,719100
3820,2015-03-12,165.009995,165.619995,162.369995,163.300003,380500
3821,2015-03-13,162.220001,165.0,161.330002,163.300003,475500
3822,2015-03-16,164.389999,176.649994,163.910004,176.479996,1093100
3823,2015-03-17,174.929993,181.610001,174.929993,177.339996,1000600
3824,2015-03-18,176.679993,178.210007,172.130005,174.339996,629400
3825,2015-03-19,174.309998,177.179993,172.800003,175.820007,565200
3826,2015-03-20,176.149994,178.850006,172.199997,178.490005,1099900
3827,2015-03-23,178.0,179.300003,172.380005,178.729996,674500
3828,2015-03-24,178.130005,180.979996,176.949997,179.509995,644700
3829,2015-03-25,180.240005,181.570007,166.619995,167.850006,1308600
3830,2015-03-26,166.479996,169.649994,163.570007,167.520004,812300
3831,2015-03-27,167.75,173.789993,167.580002,172.960007,512400
3832,2015-03-30,174.899994,179.289993,174.610001,176.809998,652600
3833,2015-03-31,175.580002,177.850006,171.5,172.440002,1060400
3834,2015-04-01,172.960007,176.5,169.100006,174.410004,826600
3835,2015-04-02,173.699997,176.130005,172.75,174.729996,576400
3836,2015-04-06,174.360001,177.380005,173.25,176.889999,819500
3837,2015-04-07,177.770004,182.929993,177.300003,179.339996,554900
3838,2015-04-08,179.979996,183.580002,179.009995,183.490005,641600
3839,2015-04-09,183.039993,187.130005,181.570007,184.839996,448200
3840,2015-04-10,185.979996,188.350006,183.910004,184.440002,583500
3841,2015-04-13,184.5,189.160004,184.5,186.839996,587800
3842,2015-04-14,186.630005,188.089996,183.309998,185.820007,733400
3843,2015-04-15,185.850006,187.289993,183.160004,184.970001,563000
3844,2015-04-16,185.779999,190.289993,184.880005,187.910004,654200
3845,2015-04-17,187.029999,187.130005,182.039993,185.190002,615900
3846,2015-04-20,185.929993,186.479996,182.800003,185.330002,453600
3847,2015-04-21,185.800003,188.779999,183.669998,187.860001,707000
3848,2015-04-22,188.649994,188.919998,184.5,187.979996,538100
3849,2015-04-23,187.5,189.119995,184.880005,188.559998,647800
3850,2015-04-24,188.559998,189.0,186.570007,186.690002,409200
3851,2015-04-27,186.789993,188.190002,170.309998,172.220001,1268200
3852,2015-04-28,168.0,174.75,159.369995,163.309998,2352800
3853,2015-04-29,163.240005,166.960007,161.009995,164.690002,798700
3854,2015-04-30,163.899994,164.800003,157.759995,159.690002,868200
3855,2015-05-01,161.380005,173.699997,157.199997,170.919998,1009800
3856,2015-05-04,170.070007,172.339996,167.919998,169.520004,965000
3857,2015-05-05,169.699997,171.449997,168.600006,169.759995,663200
3858,2015-05-06,170.199997,173.360001,166.0,168.020004,554000
3859,2015-05-07,167.940002,174.449997,164.779999,172.679993,806500
3860,2015-05-08,174.460007,179.520004,174.369995,178.910004,744400
3861,2015-05-11,178.479996,180.960007,177.360001,179.279999,558000
3862,2015-05-12,176.580002,177.610001,173.029999,173.410004,615500
3863,2015-05-13,174.630005,177.789993,173.520004,175.470001,550800
3864,2015-05-14,176.960007,176.960007,173.190002,173.529999,666100
3865,2015-05-15,173.789993,174.639999,171.869995,172.75,437900
3866,2015-05-18,174.729996,180.029999,173.070007,179.300003,623500
3867,2015-05-19,180.860001,180.860001,177.630005,178.059998,371000
3868,2015-05-20,178.889999,185.490005,178.619995,182.800003,690000
3869,2015-05-21,183.479996,184.380005,181.169998,182.610001,442500
3870,2015-05-22,182.580002,186.020004,181.669998,183.690002,381800
3871,2015-05-26,183.470001,186.429993,180.220001,182.5,765500
3872,2015-05-27,183.570007,186.520004,182.610001,183.460007,610900
3873,2015-05-28,182.600006,186.240005,179.320007,181.850006,506100
3874,2015-05-29,182.100006,184.5,180.330002,183.720001,2466200
3875,2015-06-01,184.720001,185.039993,180.279999,182.190002,507400
3876,2015-06-02,181.289993,183.949997,179.919998,181.919998,464200
3877,2015-06-03,183.0,186.559998,181.199997,183.979996,432100
3878,2015-06-04,181.929993,184.259995,178.679993,179.699997,464100
3879,2015-06-05,180.0,182.539993,178.100006,181.350006,361100
3880,2015-06-08,180.320007,182.529999,180.320007,181.020004,567600
3881,2015-06-09,181.160004,181.979996,176.320007,178.119995,436000
3882,2015-06-10,178.369995,183.399994,176.580002,181.899994,433500
3883,2015-06-11,182.149994,186.990005,181.479996,186.869995,468800
3884,2015-06-12,185.020004,188.0,185.020004,187.160004,445100
3885,2015-06-15,185.570007,187.509995,182.669998,185.850006,629600
3886,2015-06-16,185.960007,187.75,184.460007,186.899994,399200
3887,2015-06-17,187.160004,187.869995,183.449997,184.229996,395300
3888,2015-06-18,184.550003,187.179993,184.100006,185.779999,505800
3889,2015-06-19,186.5,189.190002,183.929993,188.149994,761000
3890,2015-06-22,189.089996,190.130005,188.020004,188.410004,493600
3891,2015-06-23,189.860001,189.869995,185.25,185.889999,498800
3892,2015-06-24,185.570007,185.919998,176.669998,177.350006,694000
3893,2015-06-25,177.449997,179.889999,175.330002,178.630005,612800
3894,2015-06-26,179.139999,180.580002,173.960007,175.429993,803500
3895,2015-06-29,173.899994,176.169998,170.470001,170.75,627100
3896,2015-06-30,173.580002,174.300003,169.270004,173.949997,730400
3897,2015-07-01,175.869995,176.139999,172.570007,172.929993,630400
3898,2015-07-02,173.600006,174.410004,168.5,170.110001,578400
3899,2015-07-06,169.210007,172.149994,168.309998,170.880005,936700
3900,2015-07-07,171.460007,172.270004,169.639999,170.759995,775000
3901,2015-07-08,169.490005,171.070007,165.529999,166.309998,657900
3902,2015-07-09,168.809998,170.110001,166.740005,167.690002,512300
3903,2015-07-10,171.259995,172.550003,169.440002,171.570007,445800
3904,2015-07-13,172.910004,174.289993,171.0,172.139999,346900
3905,2015-07-14,171.570007,175.119995,171.179993,175.050003,522100
3906,2015-07-15,175.419998,181.029999,174.710007,176.429993,655500
3907,2015-07-16,177.100006,178.119995,174.300003,177.809998,538800
3908,2015-07-17,178.690002,179.600006,176.839996,179.149994,511900
3909,2015-07-20,179.660004,180.399994,177.059998,177.509995,446800
3910,2015-07-21,177.539993,179.369995,174.440002,175.169998,378300
3911,2015-07-22,173.729996,175.529999,173.330002,174.600006,329000
3912,2015-07-23,175.740005,176.839996,173.779999,175.100006,323600
3913,2015-07-24,174.110001,175.660004,168.679993,169.279999,435200
3914,2015-07-27,168.679993,169.389999,164.070007,165.779999,808100
3915,2015-07-28,157.0,169.940002,152.020004,165.960007,1597800
3916,2015-07-29,166.320007,168.5,164.070007,167.179993,714500
3917,2015-07-30,166.100006,166.100006,157.990005,162.789993,709400
3918,2015-07-31,163.789993,169.710007,162.509995,169.360001,1048100
3919,2015-08-03,170.039993,170.289993,162.039993,163.25,716500
3920,2015-08-04,164.509995,165.839996,162.220001,163.729996,452500
3921,2015-08-05,165.330002,170.029999,165.320007,166.550003,473500
3922,2015-08-06,167.410004,167.5,158.419998,159.649994,589800
3923,2015-08-07,158.649994,165.679993,155.559998,165.0,667100
3924,2015-08-10,166.660004,168.940002,163.800003,165.0,417400
3925,2015-08-11,163.270004,166.869995,161.720001,165.160004,442700
3926,2015-08-12,162.490005,165.309998,160.740005,164.169998,563500
3927,2015-08-13,164.899994,166.789993,163.470001,164.880005,335300
3928,2015-08-14,164.330002,165.600006,162.440002,164.740005,317100
3929,2015-08-17,163.740005,168.850006,162.300003,168.580002,422600
3930,2015-08-18,168.679993,172.389999,166.839996,167.580002,521200
3931,2015-08-19,166.630005,168.899994,164.649994,167.679993,339000
3932,2015-08-20,168.270004,170.440002,162.460007,162.660004,476800
3933,2015-08-21,160.570007,163.509995,155.360001,155.639999,555600
3934,2015-08-24,143.639999,157.470001,141.059998,150.440002,1024000
3935,2015-08-25,155.259995,156.580002,151.410004,152.679993,717700
3936,2015-08-26,156.820007,159.720001,151.389999,159.470001,584100
3937,2015-08-27,162.220001,163.619995,156.289993,160.240005,420800
3938,2015-08-28,159.399994,161.199997,157.419998,160.479996,391800
3939,2015-08-31,160.0,161.990005,150.210007,150.619995,875700
3940,2015-09-01,148.429993,153.449997,144.089996,144.610001,1141200
3941,2015-09-02,147.059998,153.970001,145.570007,153.75,579300
3942,2015-09-03,154.770004,159.990005,149.729996,149.960007,425100
3943,2015-09-04,148.089996,151.929993,147.259995,149.210007,267200
3944,2015-09-08,152.169998,154.470001,149.509995,154.119995,386500
3945,2015-09-09,156.020004,156.380005,151.25,151.770004,310000
3946,2015-09-10,151.199997,155.440002,151.199997,152.759995,317900
3947,2015-09-11,151.520004,156.259995,151.520004,155.110001,367700
3948,2015-09-14,154.289993,155.059998,151.5,153.610001,241600
3949,2015-09-15,154.740005,155.089996,152.350006,154.910004,423300
3950,2015-09-16,154.660004,155.779999,150.220001,152.220001,349700
3951,2015-09-17,152.539993,155.740005,150.669998,154.339996,408600
3952,2015-09-18,151.970001,154.139999,150.229996,150.710007,656300
3953,2015-09-21,152.449997,155.139999,145.220001,148.309998,545000
3954,2015-09-22,145.940002,150.410004,141.199997,144.820007,617100
3955,2015-09-23,145.350006,145.369995,140.309998,141.979996,684200
3956,2015-09-24,140.919998,141.559998,137.649994,141.199997,437000
3957,2015-09-25,142.449997,144.419998,132.570007,137.389999,698000
3958,2015-09-28,135.320007,137.820007,129.479996,134.149994,956400
3959,2015-09-29,135.110001,143.419998,133.580002,136.970001,902600
3960,2015-09-30,139.949997,145.070007,131.0,131.240005,1176100
3961,2015-10-01,132.020004,132.419998,127.419998,129.380005,1063900
3962,2015-10-02,127.379997,131.589996,125.639999,130.899994,984700
3963,2015-10-05,131.570007,133.460007,126.040001,126.699997,1126100
3964,2015-10-06,127.68,127.68,120.199997,125.279999,1125500
3965,2015-10-07,125.5,126.400002,119.800003,122.849998,1343100
3966,2015-10-08,122.870003,126.32,120.349998,125.279999,851700
3967,2015-10-09,125.029999,126.07,122.650002,123.589996,590800
3968,2015-10-12,124.809998,125.260002,122.279999,123.089996,438500
3969,2015-10-13,122.709999,125.389999,122.050003,122.260002,597200
3970,2015-10-14,123.330002,125.32,121.849998,123.279999,963800
3971,2015-10-15,123.529999,127.790001,122.349998,127.440002,1147200
3972,2015-10-16,128.210007,131.369995,125.120003,128.600006,1127900
3973,2015-10-19,127.650002,128.869995,123.629997,126.830002,774300
3974,2015-10-20,127.099998,127.82,122.239998,122.910004,769600
3975,2015-10-21,124.489998,125.68,121.050003,123.349998,1251100
3976,2015-10-22,123.989998,124.769997,117.879997,119.57,1050400
3977,2015-10-23,120.360001,126.459999,119.75,126.040001,853000
3978,2015-10-26,126.470001,129.899994,125.110001,126.029999,905200
3979,2015-10-27,139.089996,142.979996,134.270004,137.100006,1914700
3980,2015-10-28,137.800003,138.789993,134.0,137.149994,1023500
3981,2015-10-29,138.470001,143.699997,137.720001,143.550003,1019400
3982,2015-10-30,144.360001,148.279999,142.389999,146.630005,1441800
3983,2015-11-02,147.360001,153.630005,147.360001,153.059998,886000
3984,2015-11-03,152.0,154.619995,150.300003,152.600006,639000
3985,2015-11-04,154.25,154.5,149.039993,151.0,963100
3986,2015-11-05,150.100006,152.690002,147.559998,152.059998,722800
3987,2015-11-06,153.940002,153.940002,149.419998,153.619995,568600
3988,2015-11-09,153.600006,158.0,153.039993,157.160004,728300
3989,2015-11-10,157.449997,157.630005,152.929993,156.75,870800
3990,2015-11-11,157.979996,157.979996,148.479996,148.660004,624700
3991,2015-11-12,147.660004,149.5,141.690002,146.139999,579300
3992,2015-11-13,146.339996,148.600006,144.470001,146.789993,399200
3993,2015-11-16,145.880005,147.229996,142.520004,145.990005,316500
3994,2015-11-17,146.410004,150.440002,145.619995,148.020004,348900
3995,2015-11-18,149.550003,151.789993,146.240005,151.550003,528700
3996,2015-11-19,152.039993,152.740005,146.929993,148.839996,369500
3997,2015-11-20,149.039993,152.899994,149.039993,151.169998,344300
3998,2015-11-23,151.520004,156.050003,150.570007,152.949997,354600
3999,2015-11-24,152.0,155.160004,149.740005,154.229996,508000
4000,2015-11-25,154.110001,156.729996,153.339996,155.509995,627900
4001,2015-11-27,155.600006,156.960007,152.460007,154.259995,150900
4002,2015-11-30,154.259995,156.720001,151.179993,152.630005,551000
4003,2015-12-01,154.360001,159.869995,151.990005,159.0,651000
4004,2015-12-02,158.809998,159.550003,155.809998,156.759995,433500
4005,2015-12-03,158.119995,158.119995,152.0,155.240005,549800
4006,2015-12-04,157.190002,160.300003,155.460007,158.800003,406300
4007,2015-12-07,158.039993,159.229996,153.699997,155.490005,309700
4008,2015-12-08,154.190002,160.520004,153.940002,160.300003,487500
4009,2015-12-09,159.070007,160.809998,152.380005,153.679993,550400
4010,2015-12-10,153.389999,156.559998,152.710007,156.0,628600
4011,2015-12-11,154.139999,156.490005,150.830002,153.160004,542700
4012,2015-12-14,153.300003,155.580002,150.279999,152.490005,437100
4013,2015-12-15,154.539993,160.570007,151.570007,159.970001,706300
4014,2015-12-16,160.960007,164.039993,156.520004,159.449997,372500
4015,2015-12-17,160.740005,160.740005,156.770004,158.139999,327500
4016,2015-12-18,159.130005,162.059998,155.179993,155.179993,840000
4017,2015-12-21,155.660004,158.279999,155.399994,158.149994,469600
4018,2015-12-22,158.419998,159.179993,154.369995,157.929993,480700
4019,2015-12-23,159.279999,160.559998,156.740005,159.899994,370500
4020,2015-12-24,159.149994,162.5,158.169998,160.910004,129200
4021,2015-12-28,159.990005,163.220001,158.0,160.860001,297400
4022,2015-12-29,161.869995,162.369995,158.009995,159.229996,388400
4023,2015-12-30,159.259995,160.649994,158.389999,158.529999,281700
4024,2015-12-31,157.779999,159.050003,156.460007,156.610001,358500
4025,2016-01-04,154.229996,156.279999,152.220001,155.539993,807500
4026,2016-01-05,156.380005,159.960007,149.160004,150.039993,855800
4027,2016-01-06,148.910004,150.389999,145.080002,147.119995,986400
4028,2016-01-07,144.429993,148.589996,142.490005,144.419998,727100
4029,2016-01-08,146.899994,148.449997,141.210007,141.5,623400
4030,2016-01-11,141.949997,143.0,135.929993,138.339996,695400
4031,2016-01-12,141.029999,145.259995,137.419998,143.229996,1180900
4032,2016-01-13,143.339996,144.649994,134.809998,135.820007,642700
4033,2016-01-14,136.830002,138.779999,132.839996,136.220001,944500
4034,2016-01-15,133.440002,135.970001,120.519997,133.100006,1085300
4035,2016-01-19,134.539993,136.229996,126.779999,129.169998,671200
4036,2016-01-20,127.43,131.139999,124.080002,128.610001,973900
4037,2016-01-21,129.610001,131.229996,124.690002,125.809998,931900
4038,2016-01-22,128.229996,130.600006,125.970001,129.440002,643100
4039,2016-01-25,128.479996,129.410004,126.260002,126.940002,925200
4040,2016-01-26,127.260002,129.720001,124.410004,127.639999,800100
4041,2016-01-27,127.889999,129.190002,124.220001,125.360001,655400
4042,2016-01-28,126.739998,127.440002,120.07,122.790001,817700
4043,2016-01-29,122.629997,125.540001,121.269997,123.18,784700
4044,2016-02-01,123.080002,126.529999,121.989998,125.610001,944500
4045,2016-02-02,124.290001,125.400002,119.739998,122.68,725600
4046,2016-02-03,122.389999,123.519997,116.599998,122.769997,732500
4047,2016-02-04,121.870003,125.980003,119.800003,122.75,667400
4048,2016-02-05,121.199997,122.550003,116.599998,118.449997,1186300
4049,2016-02-08,116.82,119.75,114.5,115.75,979000
4050,2016-02-09,114.959999,121.199997,113.199997,119.32,669300
4051,2016-02-10,120.830002,126.080002,119.589996,119.739998,706700
4052,2016-02-11,117.790001,122.849998,117.080002,121.610001,820500
4053,2016-02-12,124.18,128.199997,121.709999,126.559998,731600
4054,2016-02-16,128.399994,131.389999,127.580002,129.830002,860300
4055,2016-02-17,130.449997,133.839996,129.009995,131.619995,526600
4056,2016-02-18,132.0,133.220001,126.599998,127.889999,838500
4057,2016-02-19,128.490005,128.669998,123.5,127.32,1056000
4058,2016-02-22,128.369995,130.509995,126.980003,128.130005,689500
4059,2016-02-23,128.199997,130.820007,127.480003,127.730003,488100
4060,2016-02-24,126.260002,130.369995,124.559998,129.169998,707900
4061,2016-02-25,128.75,129.0,119.050003,124.830002,903500
4062,2016-02-26,125.830002,128.850006,120.5,123.800003,931100
4063,2016-02-29,123.010002,127.309998,121.540001,121.940002,895200
4064,2016-03-01,122.139999,127.089996,121.839996,126.540001,832900
4065,2016-03-02,126.940002,129.039993,125.739998,128.880005,647800
4066,2016-03-03,128.479996,129.639999,124.970001,126.0,833700
4067,2016-03-04,126.0,129.720001,124.099998,127.639999,658800
4068,2016-03-07,127.0,133.690002,125.260002,131.869995,614700
4069,2016-03-08,131.380005,133.690002,124.5,124.800003,608200
4070,2016-03-09,125.190002,125.190002,121.370003,123.970001,601300
4071,2016-03-10,125.220001,127.849998,121.919998,122.610001,519400
4072,2016-03-11,124.129997,127.0,123.129997,124.639999,592700
4073,2016-03-14,125.080002,128.710007,125.0,126.690002,850700
4074,2016-03-15,125.57,125.57,119.550003,120.260002,733700
4075,2016-03-16,121.220001,124.849998,119.610001,121.440002,725400
4076,2016-03-17,121.410004,123.349998,117.029999,118.019997,903700
4077,2016-03-18,117.709999,123.400002,116.5,122.779999,960000
4078,2016-03-21,122.190002,126.239998,121.300003,124.639999,591200
4079,2016-03-22,124.760002,127.379997,124.239998,126.470001,656500
4080,2016-03-23,126.0,126.809998,121.419998,121.599998,626400
4081,2016-03-24,117.989998,118.209999,107.510002,108.870003,1928400
4082,2016-03-28,109.669998,112.849998,108.400002,108.470001,1228900
4083,2016-03-29,109.010002,112.32,107.040001,109.620003,1172100
4084,2016-03-30,110.959999,113.93,108.660004,109.940002,901100
4085,2016-03-31,110.419998,112.669998,110.169998,111.43,805300
4086,2016-04-01,111.199997,113.489998,109.849998,112.93,1012800
4087,2016-04-04,113.0,117.190002,113.0,113.519997,898600
4088,2016-04-05,112.980003,114.370003,111.489998,111.949997,1052500
4089,2016-04-06,112.849998,117.650002,112.120003,115.540001,1480200
4090,2016-04-07,115.550003,115.849998,112.0,112.970001,979500
4091,2016-04-08,113.650002,115.040001,112.169998,112.940002,797400
4092,2016-04-11,112.400002,112.400002,108.309998,109.809998,773000
4093,2016-04-12,110.209999,111.110001,109.050003,110.150002,843600
4094,2016-04-13,111.389999,116.080002,111.110001,115.139999,873100
4095,2016-04-14,115.440002,115.860001,113.0,114.68,430800
4096,2016-04-15,114.32,116.269997,113.800003,115.43,548800
4097,2016-04-18,114.620003,116.690002,114.089996,116.059998,380900
4098,2016-04-19,116.239998,116.510002,113.209999,114.889999,480000
4099,2016-04-20,115.529999,117.489998,114.599998,115.25,435900
4100,2016-04-21,115.019997,117.790001,114.309998,117.650002,657700
4101,2016-04-22,117.900002,119.739998,116.010002,119.610001,514900
4102,2016-04-25,118.410004,119.360001,116.209999,117.300003,502800
4103,2016-04-26,117.559998,118.860001,116.25,117.449997,476600
4104,2016-04-27,117.110001,119.190002,116.199997,117.68,793900
4105,2016-04-28,105.93,110.18,102.5,104.839996,2496500
4106,2016-04-29,103.739998,107.589996,103.739998,105.199997,1019700
4107,2016-05-02,105.489998,110.550003,104.900002,110.190002,980700
4108,2016-05-03,109.68,113.0,108.510002,110.550003,759600
4109,2016-05-04,110.360001,111.230003,107.769997,108.199997,789800
4110,2016-05-05,108.879997,109.43,106.980003,107.769997,541200
4111,2016-05-06,107.650002,109.440002,105.519997,108.160004,629000
4112,2016-05-09,108.580002,112.480003,108.25,111.610001,692700
4113,2016-05-10,112.190002,112.989998,110.010002,111.860001,826700
4114,2016-05-11,112.269997,112.269997,108.040001,108.440002,505400
4115,2016-05-12,108.980003,110.419998,108.089996,109.230003,850900
4116,2016-05-13,109.470001,113.330002,108.419998,111.480003,600100
4117,2016-05-16,111.230003,111.349998,107.68,110.620003,640800
4118,2016-05-17,109.949997,112.489998,108.75,110.839996,524000
4119,2016-05-18,110.209999,114.029999,109.830002,112.449997,548000
4120,2016-05-19,111.970001,114.260002,109.690002,110.800003,449000
4121,2016-05-20,111.019997,114.120003,110.790001,113.620003,442000
4122,2016-05-23,113.779999,115.959999,113.470001,114.18,649500
4123,2016-05-24,114.0,117.809998,113.989998,116.620003,642700
4124,2016-05-25,117.830002,119.980003,116.849998,117.769997,558200
4125,2016-05-26,117.5,118.900002,116.870003,117.150002,441700
4126,2016-05-27,116.980003,117.889999,115.639999,117.779999,406100
4127,2016-05-31,118.370003,119.309998,117.540001,119.07,855700
4128,2016-06-01,118.339996,119.589996,118.080002,119.120003,579700
4129,2016-06-02,118.790001,121.690002,118.580002,121.029999,573000
4130,2016-06-03,120.529999,120.529999,115.75,116.309998,499200
4131,2016-06-06,116.769997,119.769997,114.550003,119.309998,409700
4132,2016-06-07,118.459999,118.989998,116.089996,116.339996,382500
4133,2016-06-08,116.620003,117.510002,114.220001,117.040001,287200
4134,2016-06-09,116.760002,117.830002,113.129997,113.129997,534200
4135,2016-06-10,111.629997,112.709999,109.510002,111.349998,334700
4136,2016-06-13,111.059998,112.75,109.400002,110.059998,564500
4137,2016-06-14,109.629997,110.370003,106.269997,107.260002,699700
4138,2016-06-15,105.0,106.080002,101.519997,104.510002,987600
4139,2016-06-16,104.199997,106.519997,103.099998,106.279999,537000
4140,2016-06-17,106.0,107.489998,101.470001,102.110001,963200
4141,2016-06-20,103.839996,105.0,102.629997,103.620003,581300
4142,2016-06-21,104.269997,104.269997,101.029999,101.800003,600800
4143,2016-06-22,102.610001,106.360001,102.330002,103.360001,625100
4144,2016-06-23,104.349998,105.400002,102.919998,105.279999,532800
4145,2016-06-24,101.279999,104.93,101.099998,102.110001,1343000
4146,2016-06-27,101.459999,102.57,97.519997,98.330002,719600
4147,2016-06-28,99.25,102.0,98.610001,101.720001,571700
4148,2016-06-29,102.949997,104.879997,100.699997,103.540001,574800
4149,2016-06-30,103.760002,106.089996,103.300003,105.919998,657400
4150,2016-07-01,106.269997,109.040001,105.330002,108.889999,583800
4151,2016-07-05,109.059998,109.860001,106.459999,107.730003,624300
4152,2016-07-06,107.599998,110.830002,106.260002,110.169998,782000
4153,2016-07-07,110.629997,111.889999,108.830002,109.580002,468100
4154,2016-07-08,109.440002,111.870003,109.379997,111.160004,652800
4155,2016-07-11,112.059998,112.059998,108.5,110.239998,507100
4156,2016-07-12,111.199997,113.769997,110.209999,112.93,617600
4157,2016-07-13,113.440002,113.440002,108.400002,109.239998,621000
4158,2016-07-14,110.580002,110.940002,109.18,110.209999,430800
4159,2016-07-15,111.0,112.550003,110.25,110.75,431300
4160,2016-07-18,111.010002,112.059998,110.010002,110.860001,331100
4161,2016-07-19,111.07,112.029999,109.709999,110.870003,454200
4162,2016-07-20,112.0,115.120003,111.769997,114.830002,676700
4163,2016-07-21,115.25,115.870003,111.830002,112.43,540100
4164,2016-07-22,113.0,113.43,111.290001,111.410004,412900
4165,2016-07-25,111.650002,112.5,110.720001,112.129997,414900
4166,2016-07-26,111.75,113.190002,111.57,112.449997,392000
4167,2016-07-27,112.519997,114.120003,111.190002,113.199997,526300
4168,2016-07-28,114.010002,119.919998,112.730003,118.989998,956000
4169,2016-07-29,118.970001,122.230003,118.190002,121.010002,868800
4170,2016-08-01,121.010002,126.650002,121.010002,125.080002,1025800
4171,2016-08-02,124.790001,127.010002,124.110001,125.849998,793000
4172,2016-08-03,126.050003,126.360001,123.949997,124.860001,501800
4173,2016-08-04,125.290001,126.480003,124.540001,125.480003,595100
4174,2016-08-05,126.029999,126.800003,125.150002,125.269997,374700
4175,2016-08-08,125.75,128.279999,124.699997,127.830002,652100
4176,2016-08-09,127.830002,128.839996,125.059998,125.370003,512000
4177,2016-08-10,125.400002,126.419998,122.309998,123.080002,440100
4178,2016-08-11,123.25,124.839996,122.889999,124.330002,311200
4179,2016-08-12,124.330002,125.279999,122.150002,125.190002,306600
4180,2016-08-15,125.339996,127.269997,125.010002,126.580002,334200
4181,2016-08-16,126.139999,126.290001,124.0,125.220001,317500
4182,2016-08-17,125.419998,126.860001,124.800003,125.589996,406000
4183,2016-08-18,125.18,126.809998,124.660004,125.620003,262500
4184,2016-08-19,124.910004,127.150002,124.910004,126.919998,408200
4185,2016-08-22,127.919998,130.990005,127.5,129.449997,553800
4186,2016-08-23,129.919998,130.550003,128.729996,129.639999,498300
4187,2016-08-24,129.639999,130.949997,124.220001,124.839996,616300
4188,2016-08-25,124.580002,126.889999,121.639999,123.260002,621700
4189,2016-08-26,123.849998,124.800003,119.699997,121.760002,672600
4190,2016-08-29,121.75,122.839996,120.709999,122.040001,384900
4191,2016-08-30,121.610001,124.169998,121.57,121.910004,298000
4192,2016-08-31,121.75,122.849998,120.150002,122.279999,567000
4193,2016-09-01,122.75,123.470001,121.410004,123.209999,420100
4194,2016-09-02,123.360001,123.489998,121.580002,122.910004,443000
4195,2016-09-06,123.190002,123.919998,121.730003,122.470001,496400
4196,2016-09-07,122.120003,123.879997,121.610001,121.889999,511600
4197,2016-09-08,121.889999,124.559998,121.129997,124.459999,426300
4198,2016-09-09,123.440002,123.830002,119.889999,119.959999,622200
4199,2016-09-12,120.160004,124.849998,120.080002,124.580002,755400
4200,2016-09-13,123.139999,123.169998,120.080002,121.809998,551800
4201,2016-09-14,122.510002,123.830002,121.550003,122.529999,343800
4202,2016-09-15,122.300003,123.290001,120.440002,122.779999,494400
4203,2016-09-16,122.169998,124.620003,122.169998,123.309998,878900
4204,2016-09-19,124.0,124.330002,122.519997,122.760002,723800
4205,2016-09-20,123.639999,124.5,122.019997,123.440002,593400
4206,2016-09-21,124.169998,124.669998,122.059998,123.470001,680900
4207,2016-09-22,123.879997,127.18,123.050003,127.010002,731300
4208,2016-09-23,126.540001,127.790001,125.730003,127.209999,489800
4209,2016-09-26,126.300003,126.760002,125.129997,125.57,376100
4210,2016-09-27,125.43,125.879997,120.449997,122.010002,936100
4211,2016-09-28,121.760002,122.220001,116.699997,118.669998,884300
4212,2016-09-29,118.550003,119.080002,115.019997,115.019997,589800
4213,2016-09-30,115.839996,118.360001,114.379997,118.080002,738700
4214,2016-10-03,117.849998,118.540001,117.010002,118.339996,519600
4215,2016-10-04,118.919998,119.419998,116.559998,117.260002,312400
4216,2016-10-05,118.029999,121.68,117.599998,121.459999,484000
4217,2016-10-06,121.599998,121.93,119.779999,121.220001,396800
4218,2016-10-07,121.139999,123.739998,120.43,123.519997,487400
4219,2016-10-10,124.139999,125.290001,123.709999,124.559998,290000
4220,2016-10-11,124.0,124.0,120.449997,121.110001,417000
4221,2016-10-12,120.839996,121.919998,117.489998,117.589996,571600
4222,2016-10-13,116.25,119.050003,116.0,117.589996,453400
4223,2016-10-14,118.480003,119.989998,116.029999,116.889999,545800
4224,2016-10-17,116.410004,118.410004,116.050003,117.5,365000
4225,2016-10-18,118.339996,119.650002,116.860001,116.970001,392100
4226,2016-10-19,117.199997,118.730003,115.010002,116.480003,687500
4227,2016-10-20,115.790001,116.790001,111.110001,113.040001,889400
4228,2016-10-21,113.360001,114.940002,110.900002,111.68,661800
4229,2016-10-24,112.389999,113.300003,111.57,111.800003,426300
4230,2016-10-25,112.07,112.849998,111.110001,112.169998,651900
4231,2016-10-26,112.150002,114.089996,111.190002,113.080002,881000
4232,2016-10-27,114.830002,119.209999,112.559998,116.339996,1001500
4233,2016-10-28,117.970001,119.18,115.129997,118.139999,688500
4234,2016-10-31,118.410004,121.459999,118.0,120.07,653400
4235,2016-11-01,119.080002,120.860001,118.099998,119.889999,547300
4236,2016-11-02,119.260002,120.260002,118.699997,118.940002,446800
4237,2016-11-03,119.209999,119.809998,113.25,113.419998,679500
4238,2016-11-04,113.760002,116.830002,113.510002,114.139999,535800
4239,2016-11-07,116.510002,119.870003,115.050003,119.550003,492100
4240,2016-11-08,118.550003,122.010002,117.279999,121.290001,518100
4241,2016-11-09,125.589996,130.330002,124.839996,129.979996,1104300
4242,2016-11-10,131.0,134.5,128.089996,129.25,942400
4243,2016-11-11,128.669998,128.820007,123.760002,127.0,772000
4244,2016-11-14,127.220001,134.479996,126.900002,134.350006,962100
4245,2016-11-15,133.0,135.710007,131.25,135.190002,496000
4246,2016-11-16,134.649994,136.880005,132.740005,133.009995,488000
4247,2016-11-17,133.050003,133.990005,132.160004,133.509995,441300
4248,2016-11-18,133.5,133.5,130.490005,130.940002,455700
4249,2016-11-21,131.410004,131.850006,130.100006,131.449997,345900
4250,2016-11-22,131.449997,132.0,127.029999,129.100006,462000
4251,2016-11-23,127.0,131.5,125.470001,131.389999,377200
4252,2016-11-25,132.220001,135.190002,131.160004,134.550003,251100
4253,2016-11-28,134.619995,135.259995,132.179993,132.740005,471100
4254,2016-11-29,129.259995,130.419998,126.379997,126.57,529700
4255,2016-11-30,127.699997,128.130005,125.059998,125.610001,630700
4256,2016-12-01,126.470001,127.959999,125.389999,126.959999,493700
4257,2016-12-02,127.160004,128.330002,125.690002,126.489998,411900
4258,2016-12-05,127.279999,131.130005,127.279999,129.369995,506000
4259,2016-12-06,130.130005,136.779999,129.419998,136.729996,588900
4260,2016-12-07,134.380005,134.380005,129.130005,131.509995,705900
4261,2016-12-08,132.25,133.419998,129.139999,131.869995,597900
4262,2016-12-09,132.720001,136.490005,131.449997,131.690002,400900
4263,2016-12-12,131.820007,140.389999,130.550003,138.949997,812400
4264,2016-12-13,139.050003,139.639999,135.240005,136.759995,579800
4265,2016-12-14,137.410004,139.75,136.320007,138.089996,482300
4266,2016-12-15,140.190002,145.5,139.440002,144.919998,784400
4267,2016-12-16,144.429993,145.979996,143.669998,144.539993,1488100
4268,2016-12-19,145.190002,147.600006,142.580002,143.240005,567800
4269,2016-12-20,143.919998,145.779999,142.320007,145.380005,508600
4270,2016-12-21,145.059998,145.550003,142.479996,143.039993,518700
4271,2016-12-22,143.929993,143.929993,138.669998,139.440002,554700
4272,2016-12-23,139.850006,142.880005,139.399994,142.009995,509700
4273,2016-12-27,142.949997,145.600006,141.770004,143.529999,428200
4274,2016-12-28,143.809998,144.990005,141.949997,142.970001,407100
4275,2016-12-29,143.570007,144.990005,142.990005,143.940002,395700
4276,2016-12-30,144.5,145.399994,142.649994,143.429993,528400
4277,2017-01-03,144.119995,146.960007,141.300003,143.990005,644500
4278,2017-01-04,144.610001,149.089996,143.839996,148.139999,646200
4279,2017-01-05,148.330002,149.300003,144.419998,145.889999,552100
4280,2017-01-06,146.979996,148.75,146.100006,146.960007,489900
4281,2017-01-09,147.830002,148.929993,145.779999,147.860001,566000
4282,2017-01-10,148.779999,152.660004,147.320007,152.460007,706800
4283,2017-01-11,151.860001,153.070007,142.089996,142.779999,1058300
4284,2017-01-12,142.5,147.339996,141.860001,147.070007,726200
4285,2017-01-13,147.529999,150.779999,147.529999,150.220001,649700
4286,2017-01-17,149.5,149.800003,147.369995,147.940002,490700
4287,2017-01-18,148.610001,152.889999,147.979996,152.800003,797300
4288,2017-01-19,152.929993,154.839996,151.039993,153.440002,632100
4289,2017-01-20,153.809998,154.539993,151.779999,152.600006,534900
4290,2017-01-23,152.300003,153.479996,151.429993,153.0,987000
4291,2017-01-24,152.880005,156.740005,152.020004,156.619995,548700
4292,2017-01-25,157.25,158.199997,155.770004,157.289993,657500
4293,2017-01-26,156.130005,161.470001,155.179993,156.940002,709100
4294,2017-01-27,157.589996,162.919998,155.589996,162.429993,864200
4295,2017-01-30,161.119995,161.119995,157.110001,159.669998,520800
4296,2017-01-31,159.130005,163.990005,157.580002,163.630005,626900
4297,2017-02-01,163.350006,164.919998,161.770004,164.029999,748900
4298,2017-02-02,163.600006,166.050003,160.860001,165.100006,547600
4299,2017-02-03,166.429993,166.679993,163.289993,163.679993,601000
4300,2017-02-06,162.580002,165.089996,162.580002,164.330002,471800
4301,2017-02-07,165.259995,165.259995,162.490005,162.820007,384900
4302,2017-02-08,163.050003,165.979996,161.369995,164.779999,527000
4303,2017-02-09,163.990005,165.619995,162.639999,164.580002,512600
4304,2017-02-10,165.389999,165.389999,163.130005,164.080002,235100
4305,2017-02-13,164.050003,165.309998,163.5,164.479996,230400
4306,2017-02-14,164.229996,165.830002,163.240005,165.669998,307600
4307,2017-02-15,165.630005,168.699997,164.830002,167.880005,328900
4308,2017-02-16,167.570007,168.820007,166.5,168.419998,470800
4309,2017-02-17,167.059998,168.639999,166.130005,168.160004,324200
4310,2017-02-21,169.309998,169.889999,165.759995,167.919998,600400
4311,2017-02-22,160.919998,161.300003,146.839996,146.979996,1620800
4312,2017-02-23,146.169998,148.539993,142.0,147.440002,1092300
4313,2017-02-24,145.960007,147.190002,145.570007,146.710007,414100
4314,2017-02-27,146.770004,152.949997,146.770004,152.509995,872300
4315,2017-02-28,153.580002,153.580002,146.649994,147.720001,944800
4316,2017-03-01,150.460007,152.860001,147.550003,148.029999,1128600
4317,2017-03-02,148.399994,149.639999,146.600006,147.190002,504500
4318,2017-03-03,147.610001,149.559998,147.080002,149.470001,358600
4319,2017-03-06,146.699997,148.270004,144.570007,147.130005,529200
4320,2017-03-07,145.339996,147.089996,144.149994,144.990005,492900
4321,2017-03-08,145.770004,149.070007,145.770004,146.970001,487700
4322,2017-03-09,147.449997,149.149994,145.039993,146.440002,341800
4323,2017-03-10,146.100006,149.710007,146.100006,149.449997,722100
4324,2017-03-13,149.309998,151.160004,148.029999,150.600006,658700
4325,2017-03-14,149.850006,150.490005,145.059998,145.529999,595700
4326,2017-03-15,145.179993,147.100006,144.690002,146.029999,555600
4327,2017-03-16,143.259995,144.5,137.070007,139.110001,890400
4328,2017-03-17,138.320007,142.479996,138.320007,142.080002,1193700
4329,2017-03-20,141.440002,142.75,140.070007,141.509995,317000
4330,2017-03-21,141.649994,142.940002,138.039993,138.279999,443000
4331,2017-03-22,139.110001,141.240005,138.449997,139.369995,416400
4332,2017-03-23,139.080002,141.360001,137.630005,139.130005,427800
4333,2017-03-24,139.830002,141.490005,138.5,140.050003,386300
4334,2017-03-27,138.850006,141.699997,138.850006,140.5,348800
4335,2017-03-28,139.850006,141.820007,139.679993,141.190002,317200
4336,2017-03-29,141.130005,141.770004,138.610001,138.759995,427500
4337,2017-03-30,135.600006,137.5,132.130005,136.350006,810200
4338,2017-03-31,136.929993,140.399994,133.070007,135.380005,977800
4339,2017-04-03,121.5,129.350006,121.230003,123.959999,2115000
4340,2017-04-04,123.260002,125.470001,122.449997,124.449997,719000
4341,2017-04-05,124.459999,126.779999,122.839996,123.220001,684200
4342,2017-04-06,123.290001,124.279999,120.970001,122.0,790100
4343,2017-04-07,122.230003,123.129997,121.900002,122.529999,571500
4344,2017-04-10,122.529999,124.660004,122.099998,122.239998,437000
4345,2017-04-11,122.68,124.040001,120.989998,121.779999,737200
4346,2017-04-12,122.410004,123.540001,121.309998,121.949997,424800
4347,2017-04-13,122.410004,123.370003,121.370003,121.529999,351100
4348,2017-04-17,121.690002,122.470001,120.5,121.230003,439900
4349,2017-04-18,120.800003,121.550003,119.540001,121.080002,365600
4350,2017-04-19,121.559998,122.220001,120.629997,120.790001,511400
4351,2017-04-20,121.029999,121.900002,120.550003,121.209999,666800
4352,2017-04-21,121.330002,121.900002,120.059998,120.980003,828400
4353,2017-04-24,122.129997,123.089996,120.620003,122.709999,863500
4354,2017-04-25,123.599998,123.699997,121.0,121.739998,694400
4355,2017-04-26,116.0,121.32,112.010002,119.989998,1700300
4356,2017-04-27,120.720001,121.260002,119.800003,120.5,949700
4357,2017-04-28,121.209999,126.150002,120.120003,125.699997,1133200
4358,2017-05-01,125.699997,125.75,122.019997,123.0,584100
4359,2017-05-02,123.25,124.440002,120.059998,121.230003,694900
4360,2017-05-03,121.220001,122.470001,120.43,122.160004,383300
4361,2017-05-04,122.790001,123.580002,121.220001,122.32,333100
4362,2017-05-05,122.589996,122.949997,120.809998,122.839996,486100
4363,2017-05-08,123.220001,123.870003,121.650002,122.230003,487100
4364,2017-05-09,122.660004,125.629997,122.110001,124.790001,505000
4365,2017-05-10,125.099998,125.470001,122.589996,123.480003,625300
4366,2017-05-11,123.089996,124.599998,120.949997,122.230003,526500
4367,2017-05-12,122.470001,123.809998,121.639999,123.18,350900
4368,2017-05-15,122.940002,124.43,122.510002,123.059998,464600
4369,2017-05-16,122.830002,123.940002,121.800003,122.82,379600
4370,2017-05-17,121.32,123.309998,120.760002,120.900002,357900
4371,2017-05-18,120.010002,121.910004,119.589996,121.190002,497900
4372,2017-05-19,121.330002,123.139999,121.150002,121.639999,496400
4373,2017-05-22,122.309998,123.5,121.169998,122.57,375100
4374,2017-05-23,122.550003,122.550003,120.510002,121.459999,274000
4375,2017-05-24,121.349998,121.940002,120.459999,121.0,384900
4376,2017-05-25,121.0,121.669998,118.059998,118.339996,457900
4377,2017-05-26,118.739998,120.379997,118.559998,119.080002,561200
4378,2017-05-30,119.199997,120.760002,118.25,118.910004,490500
4379,2017-05-31,119.540001,121.160004,118.519997,120.889999,789000
4380,2017-06-01,121.349998,126.790001,121.349998,125.919998,1003500
4381,2017-06-02,126.290001,128.979996,126.279999,127.639999,572700
4382,2017-06-05,127.839996,127.839996,124.879997,126.050003,452100
4383,2017-06-06,125.800003,127.32,125.099998,126.120003,355000
4384,2017-06-07,126.5,128.619995,126.300003,128.190002,518300
4385,2017-06-08,128.360001,131.119995,128.229996,129.669998,658100
4386,2017-06-09,130.199997,131.710007,129.0,130.190002,654500
4387,2017-06-12,130.850006,131.479996,130.080002,131.419998,666600
4388,2017-06-13,131.630005,132.850006,130.479996,131.149994,615800
4389,2017-06-14,131.220001,131.289993,129.289993,130.160004,585900
4390,2017-06-15,130.0,130.970001,129.330002,130.479996,454400
4391,2017-06-16,130.149994,130.360001,128.339996,129.919998,578800
4392,2017-06-19,130.690002,131.199997,129.149994,130.589996,377500
4393,2017-06-20,130.119995,132.460007,129.940002,130.119995,348000
4394,2017-06-21,130.389999,132.720001,130.139999,131.929993,465000
4395,2017-06-22,131.899994,133.449997,130.130005,131.699997,413000
4396,2017-06-23,131.860001,132.869995,130.759995,131.589996,1195600
4397,2017-06-26,131.720001,134.160004,131.720001,133.119995,482400
4398,2017-06-27,133.0,133.220001,130.419998,130.940002,511700
4399,2017-06-28,132.009995,132.679993,131.070007,132.300003,324200
4400,2017-06-29,132.559998,132.559998,129.699997,131.320007,669100
4401,2017-06-30,131.830002,132.029999,128.649994,129.729996,452400
4402,2017-07-03,130.589996,132.990005,130.589996,131.919998,223800
4403,2017-07-05,131.119995,134.789993,131.119995,133.860001,558900
4404,2017-07-06,132.610001,134.490005,130.339996,131.710007,425600
4405,2017-07-07,132.389999,133.0,130.360001,131.050003,637700
4406,2017-07-10,131.220001,131.710007,129.300003,130.949997,442500
4407,2017-07-11,131.479996,131.479996,128.270004,129.869995,499500
4408,2017-07-12,130.0,132.509995,129.830002,129.940002,414600
4409,2017-07-13,130.369995,133.0,129.289993,131.699997,662900
4410,2017-07-14,131.869995,132.270004,130.539993,130.619995,409300
4411,2017-07-17,130.979996,131.610001,129.729996,130.240005,420500
4412,2017-07-18,130.389999,131.300003,129.5,129.960007,747900
4413,2017-07-19,130.559998,132.919998,130.559998,131.25,416400
4414,2017-07-20,131.550003,132.449997,130.830002,131.360001,427600
4415,2017-07-21,130.649994,131.149994,128.729996,129.979996,483600
4416,2017-07-24,130.050003,132.179993,129.850006,131.490005,378300
4417,2017-07-25,131.660004,133.610001,129.220001,132.380005,834600
4418,2017-07-26,132.990005,133.059998,131.300003,131.399994,639100
4419,2017-07-27,134.009995,134.330002,123.050003,125.099998,1430100
4420,2017-07-28,124.25,129.050003,124.25,128.350006,583100
4421,2017-07-31,127.68,129.399994,127.68,128.399994,390900
4422,2017-08-01,128.509995,128.910004,126.040001,128.020004,461400
4423,2017-08-02,128.350006,128.5,127.029999,127.919998,512300
4424,2017-08-03,127.480003,128.389999,125.269997,126.959999,449500
4425,2017-08-04,138.899994,139.100006,135.199997,136.809998,2165600
4426,2017-08-07,137.75,137.820007,133.850006,135.460007,787000
4427,2017-08-08,135.229996,135.380005,130.690002,131.039993,862000
4428,2017-08-09,129.990005,131.009995,128.220001,129.029999,682300
4429,2017-08-10,128.130005,128.160004,126.339996,127.019997,711200
4430,2017-08-11,127.400002,130.479996,127.400002,128.229996,457300
4431,2017-08-14,128.919998,130.679993,128.460007,129.679993,530000
4432,2017-08-15,129.330002,131.220001,128.389999,129.759995,449400
4433,2017-08-16,129.669998,134.100006,129.529999,132.039993,577100
4434,2017-08-17,131.889999,133.570007,130.970001,131.059998,618900
4435,2017-08-18,130.690002,131.270004,128.789993,129.100006,557500
4436,2017-08-21,128.570007,130.960007,128.399994,129.809998,484800
4437,2017-08-22,130.0,131.830002,129.740005,131.279999,433200
4438,2017-08-23,130.520004,131.300003,129.809998,130.720001,332600
4439,2017-08-24,130.690002,131.0,129.110001,129.860001,332400
4440,2017-08-25,129.899994,131.479996,128.229996,128.449997,412000
4441,2017-08-28,129.169998,130.589996,128.660004,129.610001,320700
4442,2017-08-29,129.300003,129.949997,128.339996,128.389999,363200
4443,2017-08-30,128.089996,129.929993,128.089996,129.169998,342600
4444,2017-08-31,129.320007,131.949997,129.149994,130.800003,655500
4445,2017-09-01,130.570007,134.429993,129.940002,133.350006,508600
4446,2017-09-05,133.479996,134.080002,131.910004,133.529999,526300
4447,2017-09-06,133.770004,136.169998,133.770004,135.029999,695900
4448,2017-09-07,134.479996,134.479996,132.369995,133.520004,915700
4449,2017-09-08,125.0,125.209999,119.129997,120.82,2279200
4450,2017-09-11,121.0,121.620003,119.669998,120.75,697000
4451,2017-09-12,121.040001,124.040001,120.169998,123.379997,480500
4452,2017-09-13,123.419998,124.620003,122.300003,123.18,456900
4453,2017-09-14,123.510002,123.510002,120.910004,121.010002,349000
4454,2017-09-15,120.849998,121.730003,120.459999,120.790001,843000
4455,2017-09-18,120.900002,121.160004,119.449997,119.800003,415600
4456,2017-09-19,120.0,121.510002,117.470001,117.529999,470800
4457,2017-09-20,117.43,118.519997,117.07,117.57,488300
4458,2017-09-21,117.650002,118.160004,115.349998,115.449997,653400
4459,2017-09-22,115.5,115.639999,114.540001,114.599998,372300
4460,2017-09-25,115.139999,120.120003,115.040001,119.639999,418100
4461,2017-09-26,119.300003,120.230003,117.860001,118.300003,454000
4462,2017-09-27,119.080002,120.57,117.919998,119.459999,308200
4463,2017-09-28,119.080002,120.639999,118.080002,118.760002,456400
4464,2017-09-29,118.779999,119.910004,116.650002,117.190002,447900
4465,2017-10-02,117.0,123.160004,116.790001,122.559998,519600
4466,2017-10-03,122.980003,124.0,120.370003,122.82,402400
4467,2017-10-04,123.220001,123.220001,121.959999,122.209999,255700
4468,2017-10-05,122.0,124.150002,120.82,123.949997,216400
4469,2017-10-06,122.870003,124.889999,122.389999,123.870003,215700
4470,2017-10-09,123.480003,123.690002,120.599998,122.040001,332400
4471,2017-10-10,122.25,123.349998,121.400002,121.519997,279100
4472,2017-10-11,121.709999,121.709999,118.769997,120.150002,672900
4473,2017-10-12,120.110001,121.019997,119.529999,120.269997,256900
4474,2017-10-13,120.559998,121.879997,120.199997,120.510002,166700
4475,2017-10-16,121.0,122.059998,119.239998,119.779999,301800
4476,2017-10-17,119.489998,123.220001,119.489998,121.790001,237600
4477,2017-10-18,121.620003,123.150002,119.809998,120.120003,367800
4478,2017-10-19,120.150002,120.150002,118.0,119.059998,432400
4479,2017-10-20,119.709999,121.459999,118.650002,121.010002,402300
4480,2017-10-23,121.160004,122.059998,119.699997,121.230003,562300
4481,2017-10-24,122.080002,122.309998,118.589996,118.900002,513200
4482,2017-10-25,126.580002,130.690002,120.730003,122.889999,1089200
4483,2017-10-26,121.800003,123.25,118.519997,119.099998,494400
4484,2017-10-27,119.889999,121.0,115.790001,120.050003,462600
4485,2017-10-30,120.050003,121.860001,119.230003,119.860001,302500
4486,2017-10-31,120.510002,120.699997,118.370003,118.589996,304000
4487,2017-11-01,119.089996,121.07,118.5,120.209999,469200
4488,2017-11-02,120.599998,120.93,117.080002,118.900002,422400
4489,2017-11-03,118.370003,121.190002,118.370003,120.949997,319100
4490,2017-11-06,121.459999,122.510002,120.5,122.010002,363100
4491,2017-11-07,122.389999,122.919998,121.300003,122.300003,377000
4492,2017-11-08,122.010002,123.779999,122.010002,123.449997,361700
4493,2017-11-09,123.68,123.68,120.239998,121.230003,303600
4494,2017-11-10,120.589996,121.269997,118.790001,121.0,190600
4495,2017-11-13,120.239998,121.199997,119.199997,119.75,244300
4496,2017-11-14,119.110001,120.07,117.010002,118.580002,312300
4497,2017-11-15,118.089996,120.860001,117.43,120.220001,381000
4498,2017-11-16,120.82,122.230003,118.75,121.620003,373300
4499,2017-11-17,121.599998,123.379997,120.5,123.019997,297600
4500,2017-11-20,125.300003,127.25,123.949997,126.199997,548700
4501,2017-11-21,126.5,126.75,124.089996,125.410004,436800
4502,2017-11-22,125.239998,126.639999,124.779999,125.410004,259200
4503,2017-11-24,125.68,126.580002,123.239998,125.010002,218000
4504,2017-11-27,125.32,125.82,119.919998,120.010002,319300
4505,2017-11-28,121.18,127.0,120.330002,124.550003,706500
4506,2017-11-29,125.129997,129.850006,124.43,129.119995,331300
4507,2017-11-30,129.0,130.589996,126.93,129.990005,550300
4508,2017-12-01,130.419998,133.460007,127.970001,133.320007,342200
4509,2017-12-04,133.220001,136.720001,132.699997,134.020004,626300
4510,2017-12-05,135.220001,135.460007,133.130005,134.169998,294400
4511,2017-12-06,134.669998,134.669998,133.029999,134.240005,252200
4512,2017-12-07,134.720001,137.429993,132.429993,137.070007,440100
4513,2017-12-08,137.449997,138.259995,135.490005,136.210007,279400
4514,2017-12-11,136.300003,136.639999,134.630005,135.610001,293000
4515,2017-12-12,135.229996,136.139999,134.350006,135.220001,375100
4516,2017-12-13,134.740005,137.309998,134.669998,136.289993,460400
4517,2017-12-14,135.960007,136.690002,134.339996,135.779999,321800
4518,2017-12-15,136.279999,138.360001,135.220001,137.410004,911200
4519,2017-12-18,138.399994,138.580002,135.919998,136.210007,326400
4520,2017-12-19,136.020004,137.009995,134.789993,135.520004,521300
4521,2017-12-20,136.729996,137.539993,135.330002,135.860001,393400
4522,2017-12-21,135.520004,136.190002,134.570007,134.940002,257600
4523,2017-12-22,135.279999,137.550003,134.479996,137.25,308800
4524,2017-12-26,137.899994,150.660004,137.899994,150.029999,673500
4525,2017-12-27,150.029999,152.470001,146.149994,151.279999,626800
4526,2017-12-28,151.050003,151.559998,148.190002,149.240005,296800
4527,2017-12-29,150.089996,150.860001,147.639999,147.949997,228600
4528,2018-01-02,148.639999,152.350006,148.130005,151.940002,441300
4529,2018-01-03,151.100006,152.550003,149.929993,150.089996,259500
4530,2018-01-04,149.759995,150.809998,148.210007,149.830002,456000
4531,2018-01-05,149.5,150.770004,148.320007,149.789993,365600
4532,2018-01-08,150.300003,150.979996,148.470001,149.850006,291000
4533,2018-01-09,150.100006,151.369995,148.539993,150.380005,268500
4534,2018-01-10,149.100006,149.759995,145.660004,146.589996,268500
4535,2018-01-11,147.0,147.179993,141.009995,142.929993,601600
4536,2018-01-12,143.309998,143.449997,140.429993,141.270004,417200
4537,2018-01-16,140.979996,142.179993,134.910004,135.119995,627500
4538,2018-01-17,135.929993,143.0,135.399994,140.320007,633300
4539,2018-01-18,139.5,140.580002,138.0,139.529999,446900
4540,2018-01-19,140.220001,141.050003,137.970001,139.509995,463600
4541,2018-01-22,139.360001,143.669998,139.110001,143.460007,257700
4542,2018-01-23,143.119995,143.729996,141.619995,142.720001,303600
4543,2018-01-24,143.720001,143.720001,137.619995,138.330002,316700
4544,2018-01-25,139.5,141.940002,137.350006,138.419998,297600
4545,2018-01-26,138.639999,138.979996,136.190002,136.970001,386800
4546,2018-01-29,136.570007,139.589996,136.009995,138.369995,287000
4547,2018-01-30,137.259995,137.830002,135.710007,135.970001,467600
4548,2018-01-31,136.669998,137.320007,128.789993,129.0,670500
4549,2018-02-01,128.639999,137.380005,127.639999,136.490005,463500
4550,2018-02-02,135.190002,136.139999,131.050003,133.309998,404700
4551,2018-02-05,132.210007,134.610001,126.68,127.120003,351300
4552,2018-02-06,125.809998,132.100006,123.309998,131.190002,347500
4553,2018-02-07,130.330002,133.869995,129.740005,132.25,351900
4554,2018-02-08,132.699997,133.740005,125.980003,126.260002,496500
4555,2018-02-09,127.010002,130.539993,122.25,128.710007,463200
4556,2018-02-12,129.869995,132.399994,127.489998,129.5,381600
4557,2018-02-13,128.330002,130.050003,126.650002,129.169998,327700
4558,2018-02-14,128.339996,137.179993,128.339996,136.919998,397200
4559,2018-02-15,137.330002,137.800003,133.539993,136.110001,356100
4560,2018-02-16,136.380005,139.220001,134.770004,134.929993,329800
4561,2018-02-20,133.809998,139.539993,133.649994,134.960007,545800
4562,2018-02-21,134.300003,134.300003,120.68,122.169998,1675100
4563,2018-02-22,122.080002,124.989998,115.120003,117.550003,1086600
4564,2018-02-23,118.82,119.199997,115.709999,118.040001,411700
4565,2018-02-26,117.449997,117.68,113.120003,115.959999,505400
4566,2018-02-27,115.709999,118.059998,113.489998,115.050003,484700
4567,2018-02-28,115.779999,116.660004,114.75,115.849998,635200
4568,2018-03-01,115.519997,116.910004,111.110001,113.559998,570300
4569,2018-03-02,113.139999,115.779999,111.550003,113.790001,369500
4570,2018-03-05,112.889999,113.669998,110.150002,110.440002,352700
4571,2018-03-06,111.0,112.870003,108.650002,112.769997,473100
4572,2018-03-07,111.459999,112.730003,107.82,110.019997,681300
4573,2018-03-08,110.639999,118.440002,109.980003,115.360001,630700
4574,2018-03-09,115.650002,116.360001,113.540001,115.339996,366500
4575,2018-03-12,115.419998,116.639999,114.559998,116.07,342400
4576,2018-03-13,115.419998,116.639999,113.0,113.889999,288900
4577,2018-03-14,113.849998,114.610001,111.620003,111.879997,373700
4578,2018-03-15,112.330002,112.330002,109.93,111.0,363000
4579,2018-03-16,111.040001,112.309998,110.400002,111.139999,613300
4580,2018-03-19,110.629997,112.709999,108.639999,110.040001,386900
4581,2018-03-20,110.519997,111.010002,107.290001,107.709999,398100
4582,2018-03-21,107.220001,109.949997,106.809998,109.059998,331500
4583,2018-03-22,108.18,110.279999,106.300003,108.419998,305600
4584,2018-03-23,108.669998,110.0,107.110001,107.389999,301200
4585,2018-03-26,108.730003,109.940002,106.800003,109.400002,374400
4586,2018-03-27,109.300003,109.839996,106.910004,107.209999,367600
4587,2018-03-28,108.650002,111.459999,108.510002,110.5,401400
4588,2018-03-29,110.699997,112.870003,109.449997,112.360001,369300
4589,2018-04-02,111.589996,111.589996,106.860001,107.419998,466100
4590,2018-04-03,111.980003,118.25,110.970001,115.769997,713400
4591,2018-04-04,113.809998,116.5,112.529999,116.339996,515300
4592,2018-04-05,117.5,118.93,112.489998,113.029999,404400
4593,2018-04-06,112.089996,113.300003,109.690002,110.260002,345300
4594,2018-04-09,111.669998,112.120003,109.239998,110.379997,445300
4595,2018-04-10,112.150002,112.5,109.660004,111.970001,347000
4596,2018-04-11,111.559998,114.010002,111.559998,112.809998,382900
4597,2018-04-12,112.790001,113.120003,110.290001,110.800003,277000
4598,2018-04-13,111.610001,114.099998,111.089996,112.470001,304600
4599,2018-04-16,113.059998,114.230003,111.900002,112.879997,293500
4600,2018-04-17,113.690002,115.690002,112.040001,114.089996,326600
4601,2018-04-18,113.940002,115.580002,110.860001,112.190002,553600
4602,2018-04-19,112.089996,115.110001,111.529999,112.989998,304100
4603,2018-04-20,113.129997,114.82,112.190002,114.059998,501400
4604,2018-04-23,114.25,114.800003,110.510002,111.5,343400
4605,2018-04-24,111.339996,111.879997,108.610001,110.050003,288600
4606,2018-04-25,110.110001,111.349998,108.330002,109.769997,273500
4607,2018-04-26,110.599998,112.440002,109.940002,110.870003,243200
4608,2018-04-27,110.639999,111.940002,108.82,110.400002,235700
4609,2018-04-30,110.879997,112.809998,109.459999,110.110001,450700
4610,2018-05-01,110.330002,112.230003,108.900002,111.669998,353100
4611,2018-05-02,112.650002,112.980003,101.989998,104.309998,892900
4612,2018-05-03,102.970001,105.540001,100.760002,102.360001,454200
4613,2018-05-04,102.019997,103.800003,101.18,102.980003,385800
4614,2018-05-07,102.989998,104.360001,101.809998,102.400002,299800
4615,2018-05-08,103.739998,103.760002,101.459999,101.93,551800
4616,2018-05-09,102.239998,103.940002,101.050003,103.510002,369900
4617,2018-05-10,102.870003,103.279999,100.639999,101.139999,339600
4618,2018-05-11,101.629997,103.5,100.57,102.900002,357800
4619,2018-05-14,103.32,106.720001,103.32,106.559998,301400
4620,2018-05-15,105.599998,108.110001,105.010002,107.050003,429700
4621,2018-05-16,107.400002,110.050003,106.120003,108.910004,318500
4622,2018-05-17,108.440002,108.800003,107.330002,107.699997,363000
4623,2018-05-18,107.669998,108.419998,106.110001,106.269997,348300
4624,2018-05-21,106.830002,106.940002,104.0,104.120003,300800
4625,2018-05-22,104.089996,106.650002,104.089996,105.080002,215400
4626,2018-05-23,104.349998,106.610001,103.970001,105.559998,211200
4627,2018-05-24,105.580002,107.339996,104.309998,104.730003,198300
4628,2018-05-25,104.82,107.239998,103.57,103.599998,215800
4629,2018-05-29,103.139999,105.669998,102.699997,105.260002,262200
4630,2018-05-30,105.25,108.720001,105.190002,108.349998,390800
4631,2018-05-31,107.849998,107.849998,105.650002,106.580002,432400
4632,2018-06-01,107.360001,108.339996,106.269997,106.989998,349200
4633,2018-06-04,107.629997,110.099998,107.279999,109.860001,338400
4634,2018-06-05,110.050003,110.730003,108.019997,108.5,227000
4635,2018-06-06,108.559998,111.589996,107.800003,110.68,336700
4636,2018-06-07,111.040001,112.110001,110.029999,110.959999,213900
4637,2018-06-08,110.449997,112.010002,109.949997,111.889999,358300
4638,2018-06-11,112.099998,113.290001,111.949997,112.529999,183600
4639,2018-06-12,112.290001,113.260002,111.339996,112.910004,392900
4640,2018-06-13,113.379997,113.839996,111.900002,112.610001,233200
4641,2018-06-14,112.839996,114.349998,111.709999,114.169998,282200
4642,2018-06-15,114.349998,118.0,111.559998,117.330002,791800
4643,2018-06-18,116.029999,118.589996,114.07,115.559998,332900
4644,2018-06-19,114.779999,117.699997,114.779999,117.489998,237800
4645,2018-06-20,117.349998,118.559998,116.489998,118.309998,251400
4646,2018-06-21,118.169998,118.169998,115.889999,116.730003,190200
4647,2018-06-22,117.230003,118.139999,115.529999,116.470001,394700
4648,2018-06-25,116.239998,117.0,113.059998,113.5,274700
4649,2018-06-26,113.879997,113.879997,111.190002,112.139999,314800
4650,2018-06-27,112.5,112.690002,108.269997,108.459999,213000
4651,2018-06-28,108.849998,111.620003,107.080002,111.470001,332400
4652,2018-06-29,111.110001,114.910004,111.110001,113.150002,392000
4653,2018-07-02,111.739998,114.330002,110.0,113.809998,296800
4654,2018-07-03,114.639999,117.709999,113.839996,116.410004,244200
4655,2018-07-05,116.650002,117.389999,114.699997,116.949997,237500
4656,2018-07-06,117.519997,120.760002,115.230003,120.290001,321500
4657,2018-07-09,120.489998,123.599998,119.980003,123.029999,275700
4658,2018-07-10,123.699997,123.940002,121.080002,121.449997,325800
4659,2018-07-11,120.370003,123.709999,120.370003,122.980003,276500
4660,2018-07-12,123.519997,124.18,122.400002,124.139999,238100
4661,2018-07-13,124.18,125.959999,123.489998,124.739998,190500
4662,2018-07-16,124.82,124.82,121.309998,122.239998,408600
4663,2018-07-17,121.5,124.040001,121.470001,123.889999,424300
4664,2018-07-18,124.360001,124.690002,122.379997,123.129997,281100
4665,2018-07-19,123.309998,124.970001,121.739998,124.089996,242900
4666,2018-07-20,123.459999,126.639999,121.82,125.029999,377700
4667,2018-07-23,125.470001,126.790001,123.940002,125.989998,267500
4668,2018-07-24,127.339996,127.779999,124.279999,124.760002,279700
4669,2018-07-25,125.18,126.169998,123.690002,124.269997,326800
4670,2018-07-26,124.410004,126.57,123.300003,125.68,306500
4671,2018-07-27,125.889999,125.889999,121.830002,122.980003,325900
4672,2018-07-30,123.169998,123.730003,119.07,120.260002,443600
4673,2018-07-31,121.139999,125.089996,120.489998,122.910004,383100
4674,2018-08-01,122.910004,124.589996,113.5,116.660004,603800
4675,2018-08-02,117.790001,124.739998,116.900002,123.239998,483900
4676,2018-08-03,123.739998,127.389999,123.739998,127.07,341600
4677,2018-08-06,126.099998,129.0,122.199997,123.75,390200
4678,2018-08-07,124.510002,126.269997,123.0,124.82,338700
4679,2018-08-08,124.830002,128.880005,123.230003,126.169998,1053000
4680,2018-08-09,125.580002,128.380005,123.050003,127.010002,513200
4681,2018-08-10,126.529999,127.830002,125.220001,126.580002,326700
4682,2018-08-13,126.860001,127.32,122.400002,122.690002,449000
4683,2018-08-14,123.279999,125.07,122.769997,123.309998,416900
4684,2018-08-15,122.550003,124.779999,121.199997,124.629997,269500
4685,2018-08-16,125.199997,129.949997,124.0,129.460007,533400
4686,2018-08-17,129.910004,130.0,124.690002,125.610001,325500
4687,2018-08-20,125.699997,126.330002,124.379997,125.029999,330800
4688,2018-08-21,125.339996,128.220001,124.68,128.110001,452900
4689,2018-08-22,127.489998,129.270004,126.910004,127.889999,299900
4690,2018-08-23,127.760002,128.539993,124.089996,126.080002,277300
4691,2018-08-24,125.970001,126.790001,123.349998,123.919998,382000
4692,2018-08-27,124.589996,127.279999,124.110001,126.779999,391000
4693,2018-08-28,126.519997,127.419998,125.650002,126.230003,306800
4694,2018-08-29,126.870003,127.029999,124.610001,125.660004,316100
4695,2018-08-30,125.050003,126.5,123.260002,123.68,413000
4696,2018-08-31,123.139999,124.309998,122.610001,122.989998,373500
4697,2018-09-04,123.449997,123.989998,117.519997,119.449997,610500
4698,2018-09-05,118.989998,121.18,118.989998,119.239998,439600
4699,2018-09-06,119.660004,119.660004,117.529999,118.480003,248800
4700,2018-09-07,117.800003,118.669998,116.690002,118.480003,210000
4701,2018-09-10,119.0,121.709999,118.209999,121.440002,235300
4702,2018-09-11,121.900002,122.330002,119.860001,121.849998,281300
4703,2018-09-12,122.330002,123.580002,120.449997,123.389999,258000
4704,2018-09-13,122.989998,125.190002,122.580002,124.519997,238600
4705,2018-09-14,125.0,126.129997,123.300003,123.919998,288900
4706,2018-09-17,124.089996,126.239998,122.660004,125.940002,267000
4707,2018-09-18,126.0,127.739998,124.419998,126.199997,288800
4708,2018-09-19,126.440002,127.790001,124.919998,125.860001,270000
4709,2018-09-20,126.519997,127.0,124.089996,124.230003,228900
4710,2018-09-21,124.18,127.690002,122.709999,122.739998,502000
4711,2018-09-24,122.949997,125.790001,122.349998,125.32,214900
4712,2018-09-25,126.269997,126.75,124.57,125.510002,328100
4713,2018-09-26,125.459999,127.790001,123.93,125.269997,404600
4714,2018-09-27,125.199997,127.43,124.029999,126.370003,264600
4715,2018-09-28,125.599998,129.0,125.470001,127.879997,558000
4716,2018-10-01,128.410004,128.410004,125.349998,125.959999,301700
4717,2018-10-02,126.300003,127.139999,124.529999,126.110001,266300
4718,2018-10-03,127.139999,129.589996,125.150002,128.729996,315600
4719,2018-10-04,128.160004,128.679993,124.349998,125.110001,357200
4720,2018-10-05,125.589996,127.68,123.419998,124.870003,267000
4721,2018-10-08,125.0,127.440002,123.169998,126.650002,258000
4722,2018-10-09,126.830002,127.0,124.669998,125.169998,247400
4723,2018-10-10,125.099998,126.900002,123.669998,123.959999,232500
4724,2018-10-11,124.419998,127.050003,121.230003,121.379997,357300
4725,2018-10-12,122.349998,125.040001,120.389999,123.110001,426900
4726,2018-10-15,123.360001,125.129997,122.82,123.419998,265200
4727,2018-10-16,124.050003,127.110001,123.610001,127.040001,279400
4728,2018-10-17,127.459999,128.550003,126.169998,127.0,362700
4729,2018-10-18,127.389999,128.179993,125.459999,125.830002,344700
4730,2018-10-19,126.540001,127.860001,122.529999,122.949997,320100
4731,2018-10-22,123.940002,125.239998,120.790001,122.269997,318900
4732,2018-10-23,120.790001,125.660004,118.529999,124.489998,406900
4733,2018-10-24,124.760002,124.760002,115.940002,116.129997,502200
4734,2018-10-25,116.839996,120.360001,115.510002,118.949997,350500
4735,2018-10-26,117.970001,119.870003,115.230003,118.389999,379200
4736,2018-10-29,119.919998,121.230003,115.639999,117.669998,313900
4737,2018-10-30,117.809998,122.849998,117.559998,122.669998,385900
4738,2018-10-31,118.370003,125.699997,109.82,110.860001,806500
4739,2018-11-01,110.779999,115.239998,110.18,115.040001,670700
4740,2018-11-02,115.75,117.169998,113.019997,114.639999,388200
4741,2018-11-05,115.269997,116.709999,113.860001,115.059998,485400
4742,2018-11-06,115.239998,118.059998,115.239998,116.980003,398200
4743,2018-11-07,117.849998,119.940002,115.279999,116.550003,502300
4744,2018-11-08,116.980003,119.389999,116.150002,116.959999,338800
4745,2018-11-09,116.519997,117.139999,113.860001,114.389999,411400
4746,2018-11-12,114.300003,115.160004,111.510002,111.790001,312300
4747,2018-11-13,112.779999,114.389999,112.029999,112.720001,250800
4748,2018-11-14,113.389999,114.160004,109.160004,110.970001,377500
4749,2018-11-15,111.040001,120.940002,110.5,116.309998,595600
4750,2018-11-16,115.980003,122.139999,114.410004,121.489998,400400
4751,2018-11-19,121.489998,122.370003,115.769997,116.519997,480500
4752,2018-11-20,115.040001,116.599998,112.660004,113.220001,327800
4753,2018-11-21,113.489998,116.339996,112.25,114.220001,399900
4754,2018-11-23,113.739998,116.660004,111.650002,115.169998,200600
4755,2018-11-26,116.660004,116.800003,113.440002,115.110001,530700
4756,2018-11-27,114.150002,114.480003,112.739998,113.529999,262100
4757,2018-11-28,113.75,117.779999,112.339996,117.739998,234700
4758,2018-11-29,116.93,118.699997,116.690002,117.290001,254700
4759,2018-11-30,117.699997,119.720001,116.269997,118.099998,422800
4760,2018-12-03,118.059998,119.760002,116.830002,119.529999,514600
4761,2018-12-04,120.489998,121.0,113.040001,113.290001,443000
4762,2018-12-06,111.580002,113.93,110.610001,112.769997,474600
4763,2018-12-07,112.75,113.459999,108.480003,109.440002,522400
4764,2018-12-10,109.449997,110.199997,106.730003,108.5,351300
4765,2018-12-11,110.300003,111.910004,108.279999,109.790001,497700
4766,2018-12-12,111.519997,113.949997,110.910004,112.010002,385800
4767,2018-12-13,111.949997,112.459999,109.419998,110.150002,331700
4768,2018-12-14,109.199997,110.970001,107.510002,107.889999,399000
4769,2018-12-17,107.779999,109.629997,106.139999,106.589996,397900
4770,2018-12-18,107.709999,108.849998,105.150002,106.099998,211500
4771,2018-12-19,105.57,107.720001,102.269997,104.169998,356700
4772,2018-12-20,104.379997,105.559998,102.190002,103.040001,491500
4773,2018-12-21,103.559998,106.129997,100.599998,102.510002,1096600
4774,2018-12-24,101.989998,103.120003,100.059998,101.400002,192100
4775,2018-12-26,101.550003,106.040001,101.550003,105.849998,327100
4776,2018-12-27,104.120003,105.330002,101.760002,105.300003,300800
4777,2018-12-28,105.5,107.290001,104.0,105.040001,309300
4778,2018-12-31,105.68,108.910004,105.68,108.900002,373300
4779,2019-01-02,107.849998,109.629997,106.580002,107.650002,518200
4780,2019-01-03,107.879997,108.610001,105.879997,107.150002,351500
4781,2019-01-04,108.43,112.660004,108.43,112.300003,590600
4782,2019-01-07,112.669998,114.93,110.660004,113.860001,331400
4783,2019-01-08,114.889999,114.889999,111.739998,113.360001,368400
4784,2019-01-09,113.870003,114.309998,112.040001,113.510002,249500
4785,2019-01-10,113.0,114.650002,111.470001,114.279999,316700
4786,2019-01-11,114.169998,115.739998,113.449997,114.860001,166100
4787,2019-01-14,114.360001,115.919998,113.599998,114.0,400300
4788,2019-01-15,114.730003,115.949997,113.339996,114.949997,286300
4789,2019-01-16,115.129997,116.230003,112.720001,113.620003,311200
4790,2019-01-17,113.040001,114.959999,112.269997,114.190002,284700
4791,2019-01-18,115.019997,115.82,114.290001,115.75,290500
4792,2019-01-22,115.150002,115.150002,112.25,113.900002,389000
4793,2019-01-23,114.18,115.080002,110.510002,114.620003,473800
4794,2019-01-24,114.599998,115.449997,112.529999,114.300003,215100
4795,2019-01-25,114.580002,116.129997,111.010002,115.93,346600
4796,2019-01-28,115.199997,116.489998,113.660004,116.330002,420300
4797,2019-01-29,116.529999,116.699997,114.800003,116.07,265800
4798,2019-01-30,116.160004,116.690002,114.260002,116.120003,236100
4799,2019-01-31,115.970001,115.970001,114.449997,115.330002,302600
4800,2019-02-01,115.519997,116.25,114.550003,115.830002,273100
4801,2019-02-04,115.5,116.93,114.32,116.879997,150200
4802,2019-02-05,116.900002,118.150002,116.260002,116.949997,289700
4803,2019-02-06,116.949997,118.040001,115.660004,116.5,220900
4804,2019-02-07,116.349998,116.93,114.830002,115.300003,217700
4805,2019-02-08,114.889999,116.889999,114.580002,116.480003,305800
4806,2019-02-11,116.669998,118.190002,116.449997,117.5,202600
4807,2019-02-12,117.910004,118.529999,116.779999,118.110001,210300
4808,2019-02-13,118.470001,118.989998,117.120003,117.779999,204800
4809,2019-02-14,117.650002,119.480003,117.650002,118.540001,186100
4810,2019-02-15,119.050003,119.650002,118.339996,119.629997,227100
4811,2019-02-19,118.910004,119.669998,117.639999,118.769997,215500
4812,2019-02-20,118.830002,119.18,117.589996,117.889999,171300
4813,2019-02-21,117.489998,118.160004,116.260002,117.019997,163900
4814,2019-02-22,117.580002,118.309998,116.089996,118.300003,242700
4815,2019-02-25,118.82,120.260002,118.349998,119.870003,345300
4816,2019-02-26,119.599998,122.599998,119.25,121.949997,494200
4817,2019-02-27,127.529999,127.529999,119.559998,125.540001,488200
4818,2019-02-28,125.339996,127.949997,124.849998,126.290001,385600
4819,2019-03-01,126.650002,128.940002,126.510002,126.839996,516100
4820,2019-03-04,127.760002,127.980003,119.839996,120.120003,497800
4821,2019-03-05,119.82,119.879997,115.019997,115.400002,905400
4822,2019-03-06,115.019997,116.290001,111.010002,111.190002,659900
4823,2019-03-07,110.980003,111.900002,109.389999,111.059998,500300
4824,2019-03-08,110.720001,111.339996,109.620003,110.610001,369100
4825,2019-03-11,110.690002,112.589996,110.440002,111.830002,440100
4826,2019-03-12,112.510002,112.779999,110.699997,111.360001,673800
4827,2019-03-13,111.769997,118.089996,111.169998,115.559998,725000
4828,2019-03-14,115.419998,117.269997,114.589996,117.029999,379600
4829,2019-03-15,117.120003,118.330002,116.669998,117.760002,622500
4830,2019-03-18,117.760002,119.269997,116.360001,118.849998,311000
4831,2019-03-19,119.300003,120.540001,118.209999,118.650002,267300
4832,2019-03-20,118.860001,122.68,118.489998,121.239998,470800
4833,2019-03-21,120.839996,123.690002,119.18,122.989998,473500
4834,2019-03-22,122.610001,123.879997,120.68,120.800003,275500
4835,2019-03-25,120.900002,122.169998,119.190002,120.290001,346500
4836,2019-03-26,118.830002,121.540001,116.949997,118.07,308600
4837,2019-03-27,118.160004,118.919998,116.290001,116.529999,335500
4838,2019-03-28,116.809998,118.650002,116.360001,117.209999,209300
4839,2019-03-29,118.25,118.860001,116.839996,117.370003,454800
4840,2019-04-01,118.540001,118.690002,117.220001,117.919998,291100
4841,2019-04-02,118.150002,118.739998,116.75,116.82,279300
4842,2019-04-03,117.419998,117.599998,116.309998,117.389999,464900
4843,2019-04-04,117.620003,118.599998,116.730003,118.489998,336400
4844,2019-04-05,118.900002,121.110001,118.339996,120.809998,358600
4845,2019-04-08,117.449997,118.660004,113.800003,113.919998,698800
4846,2019-04-09,113.330002,113.330002,110.610001,110.650002,558800
4847,2019-04-10,110.660004,111.349998,110.080002,110.809998,454400
4848,2019-04-11,111.199997,111.739998,109.050003,109.910004,437000
4849,2019-04-12,110.389999,110.529999,106.980003,107.910004,429400
4850,2019-04-15,108.160004,108.669998,107.360001,107.980003,350600
4851,2019-04-16,108.599998,108.849998,106.379997,107.0,326300
4852,2019-04-17,107.190002,107.279999,100.400002,100.650002,786100
4853,2019-04-18,101.360001,102.400002,98.769997,100.339996,652200
4854,2019-04-22,99.910004,101.0,98.18,98.839996,444500
4855,2019-04-23,99.559998,105.0,99.209999,104.309998,952400
4856,2019-04-24,104.209999,104.309998,102.620003,103.5,507800
4857,2019-04-25,103.269997,103.900002,100.959999,102.040001,488500
4858,2019-04-26,102.18,105.18,101.669998,104.889999,507800
4859,2019-04-29,105.459999,105.68,101.720001,101.889999,582800
4860,2019-04-30,102.190002,103.339996,100.120003,102.57,502200
4861,2019-05-01,103.449997,105.870003,98.529999,99.300003,972800
4862,2019-05-02,100.099998,101.470001,99.379997,101.25,692900
4863,2019-05-03,101.389999,101.910004,97.620003,98.639999,869400
4864,2019-05-06,97.75,100.959999,97.510002,100.639999,532100
4865,2019-05-07,99.949997,100.279999,98.440002,99.489998,572900
4866,2019-05-08,99.139999,100.199997,95.599998,95.709999,829800
4867,2019-05-09,97.730003,98.980003,94.139999,96.68,1024500
4868,2019-05-10,96.0,96.0,93.269997,94.639999,688400
4869,2019-05-13,93.169998,93.589996,90.040001,90.739998,643800
4870,2019-05-14,90.279999,91.910004,89.57,90.5,830300
4871,2019-05-15,89.650002,90.18,88.25,89.330002,666500
4872,2019-05-16,89.18,89.959999,88.260002,88.639999,891800
4873,2019-05-17,88.330002,91.919998,88.230003,90.650002,682000
4874,2019-05-20,90.029999,90.57,87.760002,87.900002,726300
4875,2019-05-21,88.459999,89.540001,87.900002,88.75,684800
4876,2019-05-22,88.910004,89.739998,85.940002,87.050003,568900
4877,2019-05-23,86.43,86.43,83.959999,85.989998,918700
4878,2019-05-24,85.980003,88.800003,85.800003,87.5,900800
4879,2019-05-28,87.209999,87.980003,86.080002,86.620003,3402200
4880,2019-05-29,86.330002,87.339996,85.339996,86.980003,820300
4881,2019-05-30,86.860001,88.599998,86.650002,86.75,868600
4882,2019-05-31,85.940002,85.940002,83.510002,83.970001,1073200
4883,2019-06-03,83.709999,85.370003,82.779999,83.739998,987600
4884,2019-06-04,83.519997,86.830002,83.059998,85.93,1265500
4885,2019-06-05,85.849998,85.849998,81.769997,82.989998,1336200
4886,2019-06-06,82.830002,83.82,80.940002,81.050003,1014500
4887,2019-06-07,81.82,83.440002,80.099998,81.980003,1066100
4888,2019-06-10,81.779999,83.900002,81.360001,82.830002,741700
4889,2019-06-11,83.400002,83.5,80.480003,80.760002,936000
4890,2019-06-12,80.779999,81.099998,79.400002,80.309998,822800
4891,2019-06-13,80.699997,81.239998,79.5,81.07,804500
4892,2019-06-14,80.830002,80.839996,77.779999,78.230003,829000
4893,2019-06-17,78.660004,79.919998,78.239998,78.580002,688300
4894,2019-06-18,79.089996,81.099998,78.400002,78.599998,676200
4895,2019-06-19,78.410004,78.889999,76.959999,78.599998,811400
4896,2019-06-20,79.099998,80.419998,77.43,77.940002,649400
4897,2019-06-21,77.660004,78.75,76.519997,77.510002,768100
4898,2019-06-24,77.440002,77.639999,75.720001,76.059998,680400
4899,2019-06-25,76.480003,79.029999,75.849998,77.260002,906500
4900,2019-06-26,77.720001,78.309998,75.959999,76.360001,524100
4901,2019-06-27,76.110001,78.129997,76.110001,77.010002,534500
4902,2019-06-28,77.089996,78.129997,77.019997,78.059998,676600
4903,2019-07-01,82.550003,82.75,81.379997,82.050003,838000
4904,2019-07-02,82.669998,82.779999,81.18,82.75,786100
4905,2019-07-03,82.540001,82.540001,80.330002,81.910004,824500
4906,2019-07-05,81.610001,82.110001,79.690002,80.010002,492600
4907,2019-07-08,79.730003,79.970001,77.309998,78.110001,848500
4908,2019-07-09,78.169998,81.220001,77.959999,80.059998,502200
4909,2019-07-10,80.620003,80.620003,78.209999,79.129997,511900
4910,2019-07-11,79.040001,79.220001,77.269997,77.489998,536700
4911,2019-07-12,77.269997,78.300003,76.059998,76.480003,321500
4912,2019-07-15,76.559998,76.559998,75.309998,76.18,324000
4913,2019-07-16,76.260002,76.860001,75.550003,75.919998,402600
4914,2019-07-17,76.199997,76.940002,75.449997,76.129997,347700
4915,2019-07-18,75.919998,76.980003,75.660004,76.25,468200
4916,2019-07-19,76.389999,77.019997,75.139999,75.32,930300
4917,2019-07-22,75.5,75.660004,74.650002,74.849998,359400
4918,2019-07-23,75.0,75.260002,74.309998,74.940002,328400
4919,2019-07-24,74.940002,76.830002,74.470001,76.709999,475900
4920,2019-07-25,76.879997,78.400002,76.720001,76.879997,550900
4921,2019-07-26,76.93,78.919998,76.870003,77.599998,578800
4922,2019-07-29,77.550003,78.360001,75.75,78.199997,454100
4923,2019-07-30,77.690002,80.0,77.519997,79.529999,518700
4924,2019-07-31,81.889999,83.5,78.620003,79.239998,930000
4925,2019-08-01,81.290001,85.309998,80.93,83.07,1282400
4926,2019-08-02,82.879997,83.900002,81.25,83.260002,459100
4927,2019-08-05,82.449997,82.660004,77.870003,79.110001,911400
4928,2019-08-06,79.75,79.75,76.870003,78.379997,586200
4929,2019-08-07,77.860001,80.099998,77.199997,79.889999,487500
4930,2019-08-08,80.139999,81.730003,79.93,81.669998,454600
4931,2019-08-09,81.519997,82.769997,80.419998,81.599998,562400
4932,2019-08-12,81.160004,81.5,80.190002,81.190002,379800
4933,2019-08-13,80.769997,82.550003,79.599998,80.160004,485500
4934,2019-08-14,79.120003,80.839996,78.669998,79.32,465900
4935,2019-08-15,79.699997,80.540001,78.540001,79.519997,292400
4936,2019-08-16,80.0,81.830002,79.440002,81.370003,357500
4937,2019-08-19,82.169998,82.870003,80.5,81.82,234500
4938,2019-08-20,81.760002,82.480003,80.690002,81.309998,245400
4939,2019-08-21,81.43,82.82,81.400002,82.779999,283600
4940,2019-08-22,83.129997,83.269997,81.150002,82.849998,286400
4941,2019-08-23,82.529999,83.809998,80.330002,80.709999,273600
4942,2019-08-26,81.110001,81.589996,79.870003,81.5,333700
4943,2019-08-27,81.839996,82.879997,79.279999,80.010002,461400
4944,2019-08-28,79.82,81.610001,79.25,81.050003,261300
4945,2019-08-29,81.480003,82.940002,81.160004,82.730003,203100
4946,2019-08-30,83.139999,84.25,82.400002,82.559998,392900
4947,2019-09-03,82.529999,82.970001,80.059998,81.029999,452400
4948,2019-09-04,82.050003,82.349998,79.610001,80.809998,763400
4949,2019-09-05,81.669998,81.800003,80.150002,81.050003,563300
4950,2019-09-06,81.0,81.220001,79.839996,80.440002,396900
4951,2019-09-09,80.43,80.43,78.959999,80.099998,601900
4952,2019-09-10,79.889999,81.900002,78.970001,81.830002,526800
4953,2019-09-11,81.720001,83.07,80.599998,82.919998,408500
4954,2019-09-12,83.019997,83.480003,79.260002,79.82,480700
4955,2019-09-13,80.330002,83.139999,79.980003,80.690002,637700
4956,2019-09-16,80.550003,83.889999,79.709999,83.529999,424600
4957,2019-09-17,83.480003,86.190002,81.720001,85.870003,726000
4958,2019-09-18,86.110001,86.349998,83.699997,84.199997,443100
4959,2019-09-19,84.68,87.849998,84.68,85.919998,533800
4960,2019-09-20,86.489998,87.080002,84.769997,85.989998,714300
4961,2019-09-23,86.010002,86.300003,84.760002,85.080002,350900
4962,2019-09-24,85.529999,85.870003,84.529999,85.43,594000
4963,2019-09-25,85.419998,86.480003,84.730003,85.0,413700
4964,2019-09-26,85.150002,85.150002,81.760002,82.199997,476800
4965,2019-09-27,82.139999,82.769997,80.199997,80.839996,534800
4966,2019-09-30,80.839996,81.110001,78.449997,79.75,552200
4967,2019-10-01,80.199997,80.669998,77.510002,78.360001,580800
4968,2019-10-02,78.029999,79.800003,77.300003,79.419998,668200
4969,2019-10-03,79.110001,79.699997,77.849998,78.309998,377300
4970,2019-10-04,78.449997,79.459999,76.330002,79.190002,473900
4971,2019-10-07,79.010002,80.769997,78.510002,79.949997,502900
4972,2019-10-08,79.599998,80.050003,78.160004,78.709999,344000
4973,2019-10-09,78.949997,80.639999,78.540001,79.709999,480600
4974,2019-10-10,80.110001,81.370003,79.449997,80.75,318000
4975,2019-10-11,81.239998,83.019997,81.239998,81.889999,267100
4976,2019-10-14,81.589996,82.410004,80.82,81.25,313700
4977,2019-10-15,81.260002,82.269997,81.260002,81.970001,496000
4978,2019-10-16,82.190002,84.059998,81.07,81.760002,416700
4979,2019-10-17,81.93,82.75,81.279999,81.669998,250000
4980,2019-10-18,81.43,82.779999,80.599998,82.139999,514400
4981,2019-10-21,83.230003,84.589996,82.529999,84.029999,308400
4982,2019-10-22,84.419998,85.160004,83.269997,84.260002,268000
4983,2019-10-23,84.25,85.0,83.919998,84.18,267400
4984,2019-10-24,84.470001,84.730003,81.860001,83.300003,229800
4985,2019-10-25,82.989998,84.620003,82.75,84.07,335200
4986,2019-10-28,84.389999,87.349998,84.389999,86.510002,438600
4987,2019-10-29,86.769997,87.269997,85.57,86.989998,472500
4988,2019-10-30,92.0,95.760002,89.440002,90.989998,1770000
4989,2019-10-31,91.07,92.330002,89.419998,89.839996,748000
4990,2019-11-01,89.769997,92.080002,88.629997,89.959999,569200
4991,2019-11-04,90.32,90.980003,88.889999,90.139999,410600
4992,2019-11-05,90.019997,92.18,89.760002,91.57,476100
4993,2019-11-06,91.510002,91.720001,90.07,90.279999,414100
4994,2019-11-07,90.82,91.769997,90.269997,90.629997,269000
4995,2019-11-08,90.290001,92.239998,90.0,91.610001,269700
4996,2019-11-11,90.989998,91.349998,90.519997,90.959999,260300
4997,2019-11-12,90.709999,91.150002,89.050003,89.57,272900
4998,2019-11-13,88.970001,89.089996,87.830002,88.489998,386300
4999,2019-11-14,88.360001,90.129997,87.489998,89.529999,324500
5000,2019-11-15,90.019997,91.110001,89.639999,90.43,351700
5001,2019-11-18,90.230003,92.190002,89.889999,90.660004,551000
5002,2019-11-19,91.260002,94.610001,91.260002,92.519997,353000
5003,2019-11-20,92.25,95.879997,92.25,94.830002,640600
5004,2019-11-21,95.040001,95.040001,92.57,93.400002,348000
5005,2019-11-22,93.809998,94.470001,92.550003,93.010002,323400
5006,2019-11-25,93.449997,95.470001,93.150002,95.339996,426400
5007,2019-11-26,95.629997,95.900002,93.199997,93.540001,236000
5008,2019-11-27,93.980003,94.080002,92.75,93.870003,251500
5009,2019-11-29,93.220001,93.690002,92.190002,92.260002,188300
5010,2019-12-02,92.489998,93.410004,90.919998,91.82,395000
5011,2019-12-03,88.669998,89.919998,87.550003,89.220001,691200
5012,2019-12-04,89.029999,91.389999,88.830002,91.339996,479000
5013,2019-12-05,91.589996,91.790001,89.93,90.230003,362900
5014,2019-12-06,91.0,91.910004,90.980003,91.610001,272700
5015,2019-12-09,91.779999,92.620003,91.029999,91.050003,334700
5016,2019-12-10,91.080002,93.099998,91.080002,93.029999,503300
5017,2019-12-11,92.889999,94.580002,92.260002,92.489998,443200
5018,2019-12-12,92.75,93.839996,92.32,93.760002,253600
5019,2019-12-13,92.510002,93.330002,88.760002,89.629997,545200
5020,2019-12-16,89.349998,91.510002,88.419998,90.949997,403300
5021,2019-12-17,91.260002,91.260002,88.279999,89.43,527800
5022,2019-12-18,89.580002,89.839996,88.019997,89.709999,434200
5023,2019-12-19,89.82,90.410004,89.260002,89.459999,281300
5024,2019-12-20,89.489998,90.639999,88.43,90.389999,724500
5025,2019-12-23,90.760002,91.110001,89.559998,90.900002,279700
5026,2019-12-24,90.889999,91.419998,90.269997,91.400002,163900
5027,2019-12-26,91.269997,91.290001,89.230003,89.459999,247300
5028,2019-12-27,89.639999,89.839996,88.019997,88.830002,276400
5029,2019-12-30,88.650002,89.260002,86.769997,86.910004,399600
5030,2019-12-31,86.910004,88.419998,86.860001,88.080002,378800
5031,2020-01-02,88.349998,88.349998,87.0,87.660004,356600
5032,2020-01-03,86.639999,87.639999,86.199997,86.459999,323400
5033,2020-01-06,86.089996,86.839996,85.019997,86.57,365300
5034,2020-01-07,86.120003,87.260002,85.540001,86.910004,291800
5035,2020-01-08,86.949997,88.0,86.389999,87.160004,333000
5036,2020-01-09,87.75,87.959999,86.400002,87.57,317100
5037,2020-01-10,87.449997,87.900002,85.400002,85.669998,432500
5038,2020-01-13,85.82,86.459999,83.760002,86.199997,393800
5039,2020-01-14,86.510002,92.0,86.459999,91.790001,726100
5040,2020-01-15,91.269997,93.5,91.269997,92.440002,684900
5041,2020-01-16,93.209999,95.239998,92.559998,94.129997,487300
5042,2020-01-17,94.480003,94.75,92.5,93.129997,482300
5043,2020-01-21,92.860001,93.400002,91.739998,91.879997,305900
5044,2020-01-22,91.949997,92.599998,91.0,92.440002,366800
5045,2020-01-23,92.489998,92.900002,90.239998,90.870003,303000
5046,2020-01-24,91.080002,91.349998,88.5,89.330002,351700
5047,2020-01-27,88.419998,90.910004,88.190002,90.050003,325300
5048,2020-01-28,90.559998,93.800003,89.300003,93.199997,560500
5049,2020-01-29,93.290001,97.43,92.610001,96.419998,754700
5050,2020-01-30,95.470001,100.089996,94.830002,96.349998,483900
5051,2020-01-31,99.040001,99.480003,97.019997,97.669998,386100
5052,2020-02-03,94.169998,96.589996,90.019997,95.559998,1097800
5053,2020-02-04,95.25,96.849998,95.25,96.650002,351900
5054,2020-02-05,97.209999,103.410004,97.209999,101.470001,566200
5055,2020-02-06,102.080002,102.510002,100.540001,101.440002,440800
5056,2020-02-07,101.440002,101.57,99.559998,100.519997,426000
5057,2020-02-10,100.839996,100.839996,98.510002,100.019997,311900
5058,2020-02-11,100.209999,101.650002,99.059998,101.150002,345100
5059,2020-02-12,101.889999,105.93,101.699997,104.459999,899300
5060,2020-02-13,105.0,105.459999,103.650002,103.989998,336600
5061,2020-02-14,104.260002,105.300003,103.230003,104.190002,236800
5062,2020-02-18,104.029999,106.110001,103.129997,105.980003,246700
5063,2020-02-19,106.410004,107.830002,106.239998,106.919998,391400
5064,2020-02-20,106.940002,108.120003,105.739998,107.419998,407500
5065,2020-02-21,107.290001,108.440002,106.709999,106.959999,528300
5066,2020-02-24,112.010002,116.980003,111.07,115.349998,1038600
5067,2020-02-25,116.419998,116.639999,110.059998,112.860001,763300
5068,2020-02-26,104.440002,109.309998,104.0,105.809998,1532800
5069,2020-02-27,104.790001,105.269997,100.720001,100.790001,1035300
5070,2020-02-28,98.040001,103.220001,97.279999,102.959999,997700
5071,2020-03-02,103.150002,104.129997,99.5,103.830002,644400
5072,2020-03-03,103.43,105.330002,99.410004,100.209999,530700
5073,2020-03-04,102.5,103.379997,99.529999,103.25,555100
5074,2020-03-05,100.900002,103.910004,100.529999,101.220001,297600
5075,2020-03-06,99.989998,101.169998,96.110001,98.260002,1257200
5076,2020-03-09,93.669998,94.970001,90.879997,91.290001,672600
5077,2020-03-10,94.93,100.989998,92.610001,100.489998,807000
5078,2020-03-11,98.379997,99.440002,92.120003,93.989998,571800
5079,2020-03-12,88.190002,91.639999,84.889999,86.139999,1510200
5080,2020-03-13,90.209999,92.059998,83.470001,91.910004,884200
5081,2020-03-16,83.690002,86.779999,78.559998,79.43,1053200
5082,2020-03-17,81.32,82.660004,76.849998,80.559998,1470500
5083,2020-03-18,75.910004,82.290001,75.580002,79.389999,793500
5084,2020-03-19,79.150002,84.870003,77.699997,83.620003,841600
5085,2020-03-20,83.720001,86.860001,81.669998,83.139999,714200
5086,2020-03-23,82.809998,84.629997,79.190002,83.949997,670600
5087,2020-03-24,87.910004,89.980003,84.709999,88.040001,633500
5088,2020-03-25,87.949997,94.169998,86.0,90.540001,916600
5089,2020-03-26,91.290001,94.949997,89.5,92.019997,516200
5090,2020-03-27,88.860001,93.419998,88.540001,91.32,602200
5091,2020-03-30,92.830002,97.25,90.68,97.07,542400
5092,2020-03-31,96.419998,96.68,92.160004,94.830002,614600
5093,2020-04-01,93.349998,96.480003,89.889999,93.900002,583400
5094,2020-04-02,92.650002,93.900002,91.169998,93.529999,878200
5095,2020-04-03,92.629997,94.970001,91.860001,92.739998,724500
5096,2020-04-06,94.389999,96.360001,93.290001,95.760002,777200
5097,2020-04-07,97.309998,98.099998,93.480003,95.059998,794600
5098,2020-04-08,95.480003,97.150002,94.089996,96.589996,426600
5099,2020-04-09,97.110001,98.0,95.190002,95.870003,453200
5100,2020-04-13,95.559998,98.610001,95.209999,98.25,482500
5101,2020-04-14,99.0,99.980003,97.849998,99.010002,589700
5102,2020-04-15,97.050003,98.93,95.080002,97.410004,410900
5103,2020-04-16,98.690002,98.690002,94.260002,97.269997,608300
5104,2020-04-17,99.419998,105.300003,97.959999,104.620003,784200
5105,2020-04-20,104.080002,108.68,103.050003,106.440002,624200
5106,2020-04-21,105.019997,106.099998,103.260002,104.0,578300
5107,2020-04-22,105.970001,109.43,105.220001,108.07,603800
5108,2020-04-23,108.919998,110.970001,106.610001,109.989998,380400
5109,2020-04-24,110.82,111.980003,107.400002,111.209999,1272200
5110,2020-04-27,111.910004,112.779999,111.050003,111.580002,474800
5111,2020-04-28,112.790001,113.449997,109.379997,109.739998,632500
5112,2020-04-29,107.839996,113.480003,104.660004,107.970001,760700
5113,2020-04-30,108.18,112.089996,105.870003,109.559998,1345500
5114,2020-05-01,108.0,110.129997,106.889999,109.120003,477400
5115,2020-05-04,108.879997,111.919998,107.419998,111.910004,901500
5116,2020-05-05,114.959999,116.120003,110.75,111.559998,490300
5117,2020-05-06,113.269997,115.389999,112.309998,112.959999,386300
5118,2020-05-07,114.790001,114.790001,111.839996,111.980003,764700
5119,2020-05-08,114.0,114.57,112.709999,113.43,310500
5120,2020-05-11,112.690002,116.32,112.690002,115.660004,1028000
5121,2020-05-12,117.660004,118.900002,114.150002,114.25,600400
5122,2020-05-13,114.010002,116.739998,112.089996,113.080002,355400
5123,2020-05-14,112.099998,114.139999,111.339996,113.43,388800
5124,2020-05-15,113.419998,117.0,112.529999,116.360001,686100
5125,2020-05-18,118.239998,119.779999,117.419998,119.260002,1045400
5126,2020-05-19,120.580002,124.779999,118.43,118.440002,923500
5127,2020-05-20,120.239998,121.0,118.620003,120.18,654400
5128,2020-05-21,119.919998,119.919998,116.800003,117.199997,817300
5129,2020-05-22,117.330002,117.980003,116.32,117.57,679700
5130,2020-05-26,119.440002,121.349998,117.660004,118.449997,737600
5131,2020-05-27,118.699997,119.290001,113.400002,116.809998,480200
5132,2020-05-28,117.540001,118.720001,114.540001,115.0,500000
5133,2020-05-29,115.720001,118.190002,113.900002,117.949997,543200
5134,2020-06-01,117.739998,121.0,116.709999,120.279999,529700
5135,2020-06-02,119.650002,123.849998,118.370003,123.059998,841400
5136,2020-06-03,122.879997,125.940002,122.220001,125.699997,754000
5137,2020-06-04,124.43,125.839996,121.779999,122.419998,1093900
5138,2020-06-05,123.779999,125.040001,122.050003,123.639999,446900
5139,2020-06-08,122.980003,125.93,122.980003,125.82,462700
5140,2020-06-09,124.809998,127.309998,124.199997,124.529999,463400
5141,2020-06-10,124.139999,125.260002,122.769997,122.860001,402100
5142,2020-06-11,120.199997,120.620003,115.860001,116.300003,552100
5143,2020-06-12,117.940002,118.57,113.400002,115.419998,520100
5144,2020-06-15,113.379997,114.830002,112.910004,113.730003,527400
5145,2020-06-16,115.25,116.730003,113.139999,114.050003,480200
5146,2020-06-17,115.510002,118.720001,115.410004,117.739998,543100
5147,2020-06-18,116.870003,117.459999,115.07,115.650002,396800
5148,2020-06-19,116.370003,118.360001,115.75,118.360001,1696300
5149,2020-06-22,117.480003,119.379997,114.589996,118.870003,435800
5150,2020-06-23,119.629997,121.050003,119.550003,120.800003,830800
5151,2020-06-24,120.260002,122.449997,119.0,121.279999,540000
5152,2020-06-25,123.0,127.790001,121.980003,124.18,727400
5153,2020-06-26,123.82,123.900002,118.800003,119.760002,770500
5154,2020-06-29,119.779999,121.919998,116.559998,119.959999,394600
5155,2020-06-30,120.089996,121.440002,118.599998,121.0,501800
5156,2020-07-01,121.599998,122.529999,120.0,121.0,365400
5157,2020-07-02,121.400002,122.339996,120.019997,120.330002,857300
5158,2020-07-06,121.07,121.07,118.330002,119.040001,846300
5159,2020-07-07,118.32,120.529999,118.32,118.599998,380200
5160,2020-07-08,118.580002,119.699997,116.940002,117.779999,361000
5161,2020-07-09,117.620003,118.519997,115.919998,116.919998,485600
5162,2020-07-10,117.370003,117.650002,116.120003,117.440002,255400
5163,2020-07-13,118.0,119.389999,115.919998,115.949997,319600
5164,2020-07-14,116.830002,118.43,115.470001,118.370003,288000
5165,2020-07-15,121.290001,121.510002,119.290001,121.129997,318500
5166,2020-07-16,120.57,120.57,115.849998,115.959999,378100
5167,2020-07-17,116.629997,117.940002,116.0,117.199997,454100
5168,2020-07-20,117.989998,118.540001,113.989998,115.339996,595300
5169,2020-07-21,115.279999,115.910004,113.169998,113.269997,326000
5170,2020-07-22,113.43,114.410004,112.209999,113.529999,262200
5171,2020-07-23,113.959999,116.709999,113.660004,114.470001,305600
5172,2020-07-24,113.43,115.510002,111.18,112.260002,289800
5173,2020-07-27,112.68,115.029999,112.0,114.68,275200
5174,2020-07-28,114.300003,114.589996,112.93,113.160004,225500
5175,2020-07-29,115.989998,120.410004,111.400002,112.730003,652700
5176,2020-07-30,111.309998,114.459999,111.290001,113.5,330100
5177,2020-07-31,113.419998,113.419998,110.300003,111.470001,331100
5178,2020-08-03,113.059998,116.800003,113.059998,116.410004,332700
5179,2020-08-04,115.870003,116.120003,113.449997,114.089996,305100
5180,2020-08-05,115.339996,115.339996,112.690002,113.07,212400
5181,2020-08-06,113.300003,113.550003,111.690002,112.199997,179400
5182,2020-08-07,112.800003,113.269997,111.639999,112.790001,255200
5183,2020-08-10,112.410004,112.959999,110.830002,110.93,153700
5184,2020-08-11,111.010002,111.93,108.93,109.150002,185000
5185,2020-08-12,109.660004,110.82,108.889999,110.519997,243300
5186,2020-08-13,110.709999,111.0,108.440002,109.379997,204100
5187,2020-08-14,109.449997,109.910004,108.709999,109.470001,169900
5188,2020-08-17,109.269997,111.32,108.029999,110.75,206400
5189,2020-08-18,111.150002,111.300003,109.099998,110.93,250900
5190,2020-08-19,110.019997,110.110001,107.019997,107.120003,307600
5191,2020-08-20,106.519997,107.330002,105.010002,106.620003,263800
5192,2020-08-21,106.830002,107.559998,105.860001,107.25,291000
5193,2020-08-24,108.150002,108.150002,105.400002,105.919998,206500
5194,2020-08-25,105.830002,107.349998,103.580002,105.050003,339400
5195,2020-08-26,104.68,105.449997,104.290001,105.040001,282900
5196,2020-08-27,105.459999,106.18,104.0,105.669998,320000
5197,2020-08-28,105.669998,106.449997,104.849998,106.040001,195200
5198,2020-08-31,105.830002,107.550003,105.059998,106.959999,261100
5199,2020-09-01,106.230003,107.339996,104.550003,105.510002,274000
5200,2020-09-02,105.129997,109.480003,105.129997,109.120003,386100
5201,2020-09-03,108.669998,108.669998,103.540001,104.559998,277700
5202,2020-09-04,105.489998,106.370003,102.839996,105.370003,217100
5203,2020-09-08,103.790001,104.870003,102.669998,102.709999,288200
5204,2020-09-09,102.900002,104.449997,102.0,103.900002,243500
5205,2020-09-10,103.790001,104.599998,102.309998,102.440002,337600
5206,2020-09-11,102.980003,103.800003,101.519997,102.519997,243000
5207,2020-09-14,103.760002,106.059998,103.760002,104.839996,452400
5208,2020-09-15,105.470001,107.330002,105.010002,105.75,243900
5209,2020-09-16,105.860001,106.980003,105.199997,106.080002,235000
5210,2020-09-17,104.720001,106.93,104.220001,106.669998,203800
5211,2020-09-18,107.400002,108.080002,104.239998,105.690002,595800
5212,2020-09-21,104.43,104.760002,100.540001,101.010002,354600
5213,2020-09-22,100.959999,102.309998,99.919998,102.290001,180000
5214,2020-09-23,102.239998,103.309998,100.510002,100.550003,218600
5215,2020-09-24,99.970001,102.120003,98.370003,99.900002,333400
5216,2020-09-25,99.440002,102.0,99.07,100.449997,262700
5217,2020-09-28,101.459999,102.5,100.239998,101.510002,197900
5218,2020-09-29,101.82,101.82,100.089996,101.040001,179600
5219,2020-09-30,101.370003,102.849998,100.110001,101.0,471100
5220,2020-10-01,101.029999,103.589996,100.050003,103.169998,269000
5221,2020-10-02,102.349998,104.779999,101.089996,101.870003,281600
5222,2020-10-05,102.830002,105.849998,102.830002,105.690002,423900
5223,2020-10-06,105.870003,106.599998,102.730003,103.07,276900
5224,2020-10-07,103.589996,104.32,103.059998,103.870003,236900
5225,2020-10-08,104.18,105.150002,103.650002,104.889999,200900
5226,2020-10-09,105.010002,105.440002,102.910004,104.010002,206700
5227,2020-10-12,103.730003,104.519997,102.25,104.25,350200
5228,2020-10-13,104.349998,109.0,103.260002,108.32,441300
5229,2020-10-14,108.160004,110.660004,108.160004,109.959999,589100
5230,2020-10-15,108.610001,113.349998,108.599998,113.029999,587100
5231,2020-10-16,113.589996,115.690002,112.269997,115.0,536100
5232,2020-10-19,115.540001,116.860001,114.18,116.470001,658700
5233,2020-10-20,117.419998,120.110001,115.529999,119.169998,641600
5234,2020-10-21,119.57,121.0,118.629997,118.849998,686500
5235,2020-10-22,119.339996,122.279999,119.339996,122.099998,588400
5236,2020-10-23,123.099998,123.870003,121.849998,122.779999,383000
5237,2020-10-26,122.010002,124.43,120.760002,123.57,602900
5238,2020-10-27,123.129997,124.5,121.480003,123.400002,466900
5239,2020-10-28,121.75,132.990005,121.75,132.029999,1151300
5240,2020-10-29,133.350006,133.669998,128.220001,130.25,934600
5241,2020-10-30,129.330002,134.729996,128.229996,134.229996,786300
5242,2020-11-02,133.770004,135.0,130.839996,133.979996,466300
5243,2020-11-03,133.979996,137.339996,131.960007,136.5,380800
5244,2020-11-04,137.429993,142.339996,134.100006,139.470001,479100
5245,2020-11-05,140.119995,140.149994,136.690002,137.710007,548600
5246,2020-11-06,137.710007,138.449997,135.380005,135.880005,224100
5247,2020-11-09,136.570007,138.059998,133.809998,136.259995,546900
5248,2020-11-10,136.669998,139.789993,136.070007,139.279999,459300
5249,2020-11-11,140.050003,140.300003,137.929993,140.149994,356500
5250,2020-11-12,139.720001,141.0,139.360001,139.970001,470200
5251,2020-11-13,141.179993,141.800003,140.169998,141.479996,247300
5252,2020-11-16,142.520004,144.259995,141.449997,142.929993,335500
5253,2020-11-17,142.490005,142.490005,139.699997,141.110001,426900
5254,2020-11-18,142.139999,142.169998,137.380005,137.479996,303900
5255,2020-11-19,139.550003,139.550003,135.279999,136.669998,284400
5256,2020-11-20,136.199997,137.990005,134.740005,136.020004,401400
5257,2020-11-23,137.009995,138.029999,135.179993,137.770004,254200
5258,2020-11-24,138.490005,138.490005,135.399994,135.429993,198100
5259,2020-11-25,135.339996,138.0,134.910004,135.070007,210700
5260,2020-11-27,134.600006,135.850006,134.289993,135.539993,113300
5261,2020-11-30,135.339996,136.979996,131.960007,132.639999,547200
5262,2020-12-01,132.949997,133.970001,132.429993,132.490005,323300
5263,2020-12-02,132.089996,132.089996,130.610001,131.279999,275600
5264,2020-12-03,132.059998,132.710007,129.460007,129.940002,365200
5265,2020-12-04,130.490005,134.130005,130.039993,133.470001,309200
5266,2020-12-07,133.440002,133.910004,129.429993,129.979996,247300
5267,2020-12-08,131.699997,135.460007,129.639999,135.080002,541300
5268,2020-12-09,135.580002,136.820007,132.710007,134.649994,289100
5269,2020-12-10,134.889999,138.309998,133.320007,137.210007,224700
5270,2020-12-11,137.210007,139.25,131.039993,138.699997,216000
5271,2020-12-14,140.0,146.240005,139.580002,143.139999,382300
5272,2020-12-15,144.369995,148.470001,143.339996,148.210007,401600
5273,2020-12-16,148.869995,149.0,145.720001,146.25,425200
5274,2020-12-17,146.460007,148.800003,146.25,148.440002,335500
5275,2020-12-18,149.070007,150.600006,145.25,146.850006,907300
5276,2020-12-21,145.960007,146.880005,143.350006,146.130005,252000
5277,2020-12-22,146.309998,147.199997,144.429993,146.350006,376800
5278,2020-12-23,146.470001,150.330002,145.460007,149.360001,344100
5279,2020-12-24,150.229996,151.440002,149.520004,149.830002,117000
5280,2020-12-28,148.850006,151.440002,147.990005,150.0,250300
5281,2020-12-29,151.0,151.669998,147.320007,149.539993,265700
5282,2020-12-30,150.279999,151.669998,148.580002,148.679993,226600
5283,2020-12-31,149.0,152.820007,145.789993,151.789993,351800
5284,2021-01-04,151.789993,154.429993,150.729996,153.940002,329300
5285,2021-01-05,153.940002,157.199997,153.669998,156.770004,355800
5286,2021-01-06,156.149994,164.039993,156.149994,163.509995,637700
5287,2021-01-07,165.070007,170.259995,164.169998,167.050003,664900
5288,2021-01-08,167.75,168.210007,163.759995,165.080002,442000
5289,2021-01-11,166.080002,171.169998,164.300003,168.029999,538800
5290,2021-01-12,168.619995,169.600006,162.580002,164.210007,283200
5291,2021-01-13,163.960007,164.380005,160.5,162.110001,308500
5292,2021-01-14,163.309998,168.309998,162.369995,167.259995,366200
5293,2021-01-15,165.699997,173.720001,165.699997,172.820007,719200
5294,2021-01-19,174.229996,176.309998,170.520004,171.610001,276600
5295,2021-01-20,174.839996,176.229996,170.25,171.169998,345100
5296,2021-01-21,170.990005,171.190002,166.949997,167.139999,260600
5297,2021-01-22,166.729996,168.889999,164.470001,167.710007,203500
5298,2021-01-25,168.529999,169.449997,165.0,169.350006,154000
5299,2021-01-26,170.089996,170.089996,163.399994,164.850006,225600
5300,2021-01-27,163.809998,163.809998,153.919998,155.789993,561100
5301,2021-01-28,156.610001,165.149994,156.610001,164.389999,338500
5302,2021-01-29,165.25,167.259995,162.259995,163.820007,221500
5303,2021-02-01,170.080002,170.580002,164.360001,168.220001,214700
5304,2021-02-02,169.070007,171.929993,168.809998,169.809998,263500
5305,2021-02-03,170.479996,172.360001,169.520004,169.919998,147000
5306,2021-02-04,170.460007,171.100006,167.089996,167.830002,158500
5307,2021-02-05,169.880005,170.509995,165.440002,169.720001,169900
5308,2021-02-08,170.070007,170.5,168.259995,169.300003,192300
5309,2021-02-09,169.880005,170.520004,166.039993,166.279999,201400
5310,2021-02-10,167.0,171.770004,166.559998,168.550003,279300
5311,2021-02-11,167.389999,171.279999,166.830002,169.529999,254700
5312,2021-02-12,169.0,169.710007,166.550003,167.639999,159600
5313,2021-02-16,171.669998,171.740005,167.75,169.690002,242500
5314,2021-02-17,169.720001,177.929993,169.380005,172.75,434700
5315,2021-02-18,171.899994,171.899994,168.229996,169.330002,231800
5316,2021-02-19,169.740005,175.949997,169.740005,174.850006,320600
5317,2021-02-22,175.089996,178.679993,173.660004,174.309998,460900
5318,2021-02-23,173.570007,174.119995,167.970001,172.380005,263400
5319,2021-02-24,169.080002,181.139999,169.080002,173.699997,467100
5320,2021-02-25,174.380005,174.380005,165.240005,168.800003,401500
5321,2021-02-26,169.789993,170.259995,165.990005,167.179993,339900
5322,2021-03-01,167.199997,173.029999,166.779999,171.270004,305000
5323,2021-03-02,170.729996,173.119995,166.25,166.589996,184100
5324,2021-03-03,164.800003,168.990005,160.869995,163.210007,280600
5325,2021-03-04,163.910004,166.649994,159.539993,160.339996,558200
5326,2021-03-05,161.470001,164.770004,159.020004,164.339996,502200
5327,2021-03-08,166.440002,166.440002,159.0,160.089996,332500
5328,2021-03-09,161.389999,164.330002,158.550003,159.009995,505200
5329,2021-03-10,160.0,161.339996,157.880005,159.679993,287800
5330,2021-03-11,162.080002,162.160004,158.470001,158.820007,282300
5331,2021-03-12,159.070007,159.759995,155.710007,159.5,319600
5332,2021-03-15,159.449997,164.309998,155.860001,164.100006,275600
5333,2021-03-16,164.100006,167.119995,162.320007,166.570007,338300
5334,2021-03-17,165.139999,171.399994,163.509995,171.169998,486400
5335,2021-03-18,169.270004,173.429993,167.470001,170.350006,501100
5336,2021-03-19,170.259995,172.869995,168.869995,170.110001,746200
5337,2021-03-22,169.130005,169.600006,166.610001,168.360001,220400
5338,2021-03-23,168.25,169.419998,163.240005,164.929993,279400
5339,2021-03-24,165.75,166.690002,162.979996,164.179993,187400
5340,2021-03-25,164.820007,168.820007,161.479996,168.350006,370800
5341,2021-03-26,168.350006,171.440002,166.759995,171.210007,244000
5342,2021-03-29,169.770004,173.360001,167.899994,169.490005,307900
5343,2021-03-30,170.389999,171.360001,164.190002,165.470001,357400
5344,2021-03-31,167.399994,170.050003,165.75,167.270004,655800
5345,2021-04-01,184.960007,200.0,182.199997,192.339996,1699500
5346,2021-04-05,192.449997,195.130005,191.029999,192.75,440100
5347,2021-04-06,192.110001,197.300003,191.009995,191.649994,579200
5348,2021-04-07,191.669998,193.75,188.339996,191.100006,1019800
5349,2021-04-08,194.990005,200.929993,192.160004,200.729996,991500
5350,2021-04-09,199.850006,204.779999,198.789993,203.360001,586100
5351,2021-04-12,203.350006,203.479996,197.979996,198.589996,324200
5352,2021-04-13,199.710007,203.080002,197.080002,199.300003,413600
5353,2021-04-14,199.419998,204.350006,198.440002,202.779999,368600
5354,2021-04-15,203.050003,203.889999,201.020004,201.669998,255500
5355,2021-04-16,203.339996,205.520004,200.940002,203.729996,403200
5356,2021-04-19,204.949997,205.179993,201.020004,203.839996,303600
5357,2021-04-20,204.460007,208.630005,204.460007,207.580002,229300
5358,2021-04-21,208.630005,212.149994,207.740005,211.929993,346600
5359,2021-04-22,210.309998,212.619995,206.479996,209.330002,194000
5360,2021-04-23,210.660004,210.660004,205.210007,207.5,233000
5361,2021-04-26,209.050003,209.220001,205.050003,208.110001,171400
5362,2021-04-27,208.960007,208.960007,204.210007,204.330002,263100
5363,2021-04-28,204.880005,207.419998,202.050003,205.619995,193700
5364,2021-04-29,205.25,205.25,201.419998,204.240005,196300
5365,2021-04-30,202.910004,204.259995,200.570007,201.559998,272900
5366,2021-05-03,203.070007,205.860001,200.470001,201.789993,326300
5367,2021-05-04,201.889999,202.839996,194.029999,195.369995,349200
5368,2021-05-05,195.369995,201.649994,188.919998,198.139999,425900
5369,2021-05-06,197.789993,197.789993,189.410004,192.070007,307800
5370,2021-05-07,191.639999,196.720001,191.059998,195.419998,170600
5371,2021-05-10,193.520004,194.860001,189.800003,189.880005,304500
5372,2021-05-11,186.240005,194.889999,185.009995,194.300003,295400
5373,2021-05-12,192.289993,198.25,192.0,195.490005,370200
5374,2021-05-13,196.880005,197.869995,191.009995,193.770004,382900
5375,2021-05-14,195.389999,199.699997,194.139999,197.869995,266300
5376,2021-05-17,197.610001,199.949997,196.649994,198.289993,241200
5377,2021-05-18,197.259995,201.080002,195.529999,195.619995,333300
5378,2021-05-19,194.589996,196.369995,189.740005,189.820007,305000
5379,2021-05-20,190.389999,192.429993,190.0,191.089996,307000
5380,2021-05-21,191.740005,192.5,188.410004,188.720001,277700
5381,2021-05-24,189.979996,191.410004,187.809998,188.610001,267700
5382,2021-05-25,189.100006,189.389999,183.770004,185.270004,545000
5383,2021-05-26,185.389999,189.839996,182.699997,184.570007,613400
5384,2021-05-27,184.770004,186.600006,182.009995,185.740005,364800
5385,2021-05-28,185.860001,187.440002,185.009995,185.899994,189000
5386,2021-06-01,186.440002,186.699997,177.0,177.820007,404800
5387,2021-06-02,178.029999,179.559998,170.5,171.660004,840300
5388,2021-06-03,171.589996,176.369995,170.119995,175.240005,363400
5389,2021-06-04,175.080002,175.970001,171.649994,175.949997,401400
5390,2021-06-07,176.910004,179.830002,174.710007,175.889999,381100
5391,2021-06-08,175.229996,175.479996,170.059998,170.470001,472600
5392,2021-06-09,170.229996,176.429993,170.229996,174.75,381300
5393,2021-06-10,174.970001,181.639999,174.970001,180.490005,322300
5394,2021-06-11,181.050003,181.350006,177.070007,179.119995,345600
5395,2021-06-14,179.419998,181.899994,179.089996,179.649994,335200
5396,2021-06-15,179.220001,180.0,176.710007,178.449997,223000
5397,2021-06-16,179.529999,184.830002,178.179993,183.440002,358800
5398,2021-06-17,182.460007,184.550003,179.899994,182.410004,215300
5399,2021-06-18,181.559998,181.919998,177.75,178.490005,491700
5400,2021-06-21,178.75,181.910004,177.75,180.199997,297000
5401,2021-06-22,179.669998,181.820007,179.210007,180.860001,212100
5402,2021-06-23,180.589996,182.550003,173.330002,174.639999,299700
5403,2021-06-24,175.440002,176.690002,173.559998,175.75,402500
5404,2021-06-25,175.75,181.639999,173.759995,180.0,608800
5405,2021-06-28,181.0,182.149994,174.460007,177.179993,289100
5406,2021-06-29,176.009995,178.0,175.759995,177.0,190900
5407,2021-06-30,176.350006,179.910004,176.350006,179.410004,289800
5408,2021-07-01,179.970001,185.509995,178.75,184.669998,439200
5409,2021-07-02,184.25,185.039993,183.020004,184.330002,168700
5410,2021-07-06,184.789993,186.289993,182.660004,185.270004,353800
5411,2021-07-07,183.960007,187.990005,180.619995,186.979996,360900
5412,2021-07-08,184.059998,186.830002,182.759995,183.979996,227200
5413,2021-07-09,185.570007,188.630005,185.360001,187.649994,199100
5414,2021-07-12,187.289993,188.070007,185.130005,185.779999,189300
5415,2021-07-13,184.830002,187.160004,183.320007,183.550003,175400
5416,2021-07-14,188.199997,188.199997,182.490005,183.589996,180800
5417,2021-07-15,182.779999,185.070007,180.960007,184.190002,171700
5418,2021-07-16,184.839996,186.699997,182.940002,184.990005,229100
5419,2021-07-19,183.899994,184.940002,180.279999,183.320007,215300
5420,2021-07-20,183.589996,187.720001,182.839996,184.449997,272100
5421,2021-07-21,185.179993,185.880005,182.320007,182.779999,161100
5422,2021-07-22,181.759995,186.149994,180.919998,185.789993,200500
5423,2021-07-23,185.919998,187.910004,184.240005,184.570007,184400
5424,2021-07-26,184.570007,185.710007,182.380005,183.270004,169100
5425,2021-07-27,182.580002,186.550003,180.050003,186.339996,187700
5426,2021-07-28,185.25,186.529999,184.220001,185.460007,169000
5427,2021-07-29,186.270004,188.639999,184.050003,184.220001,131400
5428,2021-07-30,182.899994,184.639999,181.130005,181.929993,206200
5429,2021-08-02,183.399994,183.479996,179.399994,179.860001,385900
5430,2021-08-03,179.729996,181.210007,177.820007,180.660004,401700
5431,2021-08-04,192.5,208.360001,192.5,206.089996,1597500
5432,2021-08-05,207.490005,207.490005,200.419998,205.419998,407100
5433,2021-08-06,205.199997,216.899994,203.729996,213.330002,522400
5434,2021-08-09,209.679993,212.259995,205.75,207.720001,859100
5435,2021-08-10,208.339996,208.339996,203.179993,204.339996,316300
5436,2021-08-11,204.679993,205.639999,198.369995,202.210007,391800
5437,2021-08-12,201.800003,203.789993,199.5,203.050003,200800
5438,2021-08-13,203.479996,204.710007,201.020004,202.619995,1055300
5439,2021-08-16,203.410004,203.410004,199.020004,199.470001,186900
5440,2021-08-17,197.660004,203.910004,197.660004,203.740005,276000
5441,2021-08-18,203.899994,208.110001,201.509995,203.369995,981600
5442,2021-08-19,202.300003,203.669998,200.410004,201.050003,363200
5443,2021-08-20,201.369995,206.380005,201.369995,204.220001,300700
5444,2021-08-23,204.880005,207.850006,204.869995,206.919998,225900
5445,2021-08-24,206.990005,208.119995,204.029999,205.550003,236500
5446,2021-08-25,204.289993,205.929993,202.309998,205.460007,265900
5447,2021-08-26,206.149994,207.639999,203.889999,205.75,153600
5448,2021-08-27,205.800003,212.199997,205.130005,211.080002,278400
5449,2021-08-30,210.160004,214.710007,209.619995,211.410004,222200
5450,2021-08-31,212.100006,215.410004,211.619995,214.880005,277600
5451,2021-09-01,215.169998,216.5,210.149994,212.759995,198500
5452,2021-09-02,212.669998,212.820007,209.360001,212.309998,228400
5453,2021-09-03,212.309998,213.0,209.610001,210.800003,121200
5454,2021-09-07,209.240005,210.880005,206.669998,207.979996,865900
5455,2021-09-08,208.309998,211.130005,207.080002,210.520004,226900
5456,2021-09-09,210.520004,211.369995,207.119995,210.889999,292200
5457,2021-09-10,211.039993,213.380005,209.039993,210.259995,205300
5458,2021-09-13,210.839996,211.600006,205.820007,209.619995,264100
5459,2021-09-14,210.240005,210.820007,206.889999,208.470001,159700
5460,2021-09-15,207.970001,208.330002,203.360001,204.270004,321600
5461,2021-09-16,204.270004,207.139999,202.509995,205.139999,248300
5462,2021-09-17,204.979996,204.979996,199.059998,200.080002,591300
5463,2021-09-20,198.240005,200.229996,196.970001,198.509995,311300
5464,2021-09-21,198.789993,200.929993,198.130005,198.830002,221000
5465,2021-09-22,199.460007,202.5,196.389999,201.919998,162900
5466,2021-09-23,201.919998,203.490005,199.850006,200.470001,182100
5467,2021-09-24,199.259995,200.050003,194.520004,195.100006,214600
5468,2021-09-27,195.440002,200.270004,194.330002,195.279999,453000
5469,2021-09-28,193.770004,195.919998,186.800003,187.660004,479100
5470,2021-09-29,188.160004,188.759995,180.919998,185.5,471700
5471,2021-09-30,186.070007,187.149994,184.039993,184.580002,312600
5472,2021-10-01,184.639999,187.940002,178.410004,185.899994,354400
5473,2021-10-04,184.630005,186.570007,183.089996,185.369995,337600
5474,2021-10-05,185.520004,191.369995,184.240005,188.75,401900
5475,2021-10-06,187.619995,191.990005,185.639999,191.770004,384300
5476,2021-10-07,192.259995,196.740005,189.330002,195.940002,381800
5477,2021-10-08,195.320007,199.649994,193.809998,195.380005,478100
5478,2021-10-11,194.130005,195.699997,192.360001,193.039993,373700
5479,2021-10-12,193.809998,194.449997,188.220001,189.929993,357800
5480,2021-10-13,190.880005,191.869995,185.660004,186.089996,247800
5481,2021-10-14,186.279999,189.5,185.100006,187.600006,261900
5482,2021-10-15,187.929993,188.300003,184.309998,187.070007,341400
5483,2021-10-18,183.649994,185.339996,180.25,184.320007,632500
5484,2021-10-19,184.809998,187.0,182.380005,186.360001,279700
5485,2021-10-20,189.940002,194.220001,189.179993,192.270004,437600
5486,2021-10-21,193.419998,194.080002,189.179993,190.660004,226800
5487,2021-10-22,190.139999,192.580002,189.669998,191.009995,197900
5488,2021-10-25,191.699997,193.190002,189.720001,191.339996,504100
5489,2021-10-26,192.0,192.0,189.25,190.449997,345100
5490,2021-10-27,189.649994,189.850006,185.699997,186.139999,656900
5491,2021-10-28,188.520004,193.759995,187.809998,192.169998,726000
5492,2021-10-29,191.669998,192.869995,187.080002,190.759995,516200
5493,2021-11-01,191.309998,195.529999,190.139999,193.759995,392500
5494,2021-11-02,192.869995,193.300003,189.330002,192.199997,450400
5495,2021-11-03,193.0,205.070007,190.520004,203.210007,806700
5496,2021-11-04,203.779999,204.600006,197.850006,201.440002,444300
5497,2021-11-05,201.119995,207.649994,199.479996,202.300003,485600
5498,2021-11-08,200.940002,203.119995,198.399994,202.089996,531200
5499,2021-11-09,200.580002,201.990005,197.990005,198.929993,262900
5500,2021-11-10,198.789993,204.449997,198.699997,202.5,409700
5501,2021-11-11,202.880005,204.660004,199.559998,200.899994,294400
5502,2021-11-12,200.880005,203.740005,199.880005,203.330002,193500
5503,2021-11-15,203.449997,206.759995,202.130005,205.029999,661100
5504,2021-11-16,204.860001,207.240005,202.580002,203.240005,281800
5505,2021-11-17,201.899994,204.389999,199.050003,199.410004,460900
5506,2021-11-18,199.669998,205.259995,197.529999,202.610001,597400
5507,2021-11-19,202.960007,203.460007,198.130005,201.130005,253000
5508,2021-11-22,200.419998,204.289993,198.619995,198.910004,308400
5509,2021-11-23,198.729996,202.009995,194.130005,201.580002,412800
5510,2021-11-24,200.639999,201.690002,198.5,200.179993,505300
5511,2021-11-26,198.949997,201.850006,191.720001,193.639999,227900
5512,2021-11-29,195.210007,196.740005,192.490005,194.0,593800
5513,2021-11-30,192.0,192.720001,186.699997,189.5,417000
5514,2021-12-01,191.880005,195.979996,187.279999,189.139999,452300
5515,2021-12-02,189.919998,191.270004,186.699997,189.289993,350800
5516,2021-12-03,189.449997,189.649994,183.259995,185.990005,310800
5517,2021-12-06,185.339996,190.570007,182.190002,188.720001,407000
5518,2021-12-07,190.990005,194.080002,188.179993,190.410004,1121700
5519,2021-12-08,190.399994,194.610001,189.240005,193.940002,210700
5520,2021-12-09,193.699997,193.839996,186.970001,187.039993,175100
5521,2021-12-10,187.5,189.529999,185.479996,188.570007,200500
5522,2021-12-13,187.25,192.130005,185.949997,191.210007,208600
5523,2021-12-14,190.880005,195.119995,190.550003,193.929993,518000
5524,2021-12-15,193.600006,196.559998,191.089996,195.619995,335900
5525,2021-12-16,195.460007,197.660004,193.619995,195.860001,264400
5526,2021-12-17,194.429993,198.070007,192.429993,196.059998,686500
5527,2021-12-20,195.360001,202.320007,193.669998,202.220001,532700
5528,2021-12-21,203.399994,206.589996,202.149994,205.119995,519000
5529,2021-12-22,202.440002,210.279999,202.059998,209.770004,361000
5530,2021-12-23,211.399994,215.850006,206.800003,214.039993,284300
5531,2021-12-27,213.309998,215.089996,211.970001,214.690002,264800
5532,2021-12-28,215.660004,217.75,213.169998,213.809998,172500
5533,2021-12-29,212.490005,215.970001,210.919998,215.020004,225800
5534,2021-12-30,215.330002,217.990005,213.550003,215.179993,302700
5535,2021-12-31,215.979996,218.380005,215.330002,216.080002,192200
5536,2022-01-03,215.570007,215.570007,208.369995,210.630005,431300
5537,2022-01-04,210.649994,210.660004,199.059998,199.080002,391200
5538,2022-01-05,199.0,200.729996,192.740005,192.889999,487200
5539,2022-01-06,192.149994,198.479996,189.860001,196.070007,399200
5540,2022-01-07,195.199997,200.770004,195.059998,198.940002,555900
5541,2022-01-10,198.360001,199.800003,195.089996,199.240005,740400
5542,2022-01-11,204.270004,211.220001,204.270004,206.25,571200
5543,2022-01-12,206.160004,207.559998,203.0,206.190002,264700
5544,2022-01-13,206.190002,210.860001,204.529999,208.0,357300
5545,2022-01-14,208.399994,214.029999,206.729996,213.960007,340700
5546,2022-01-18,213.889999,217.839996,211.139999,212.029999,734500
5547,2022-01-19,213.660004,213.660004,205.0,205.070007,325600
5548,2022-01-20,205.240005,207.699997,199.710007,199.970001,438300
5549,2022-01-21,198.889999,203.190002,197.309998,200.059998,424700
5550,2022-01-24,199.399994,202.960007,195.059998,202.149994,580700
5551,2022-01-25,201.160004,201.699997,195.919998,199.720001,539700
5552,2022-01-26,198.820007,203.139999,196.679993,198.570007,439400
5553,2022-01-27,198.779999,200.110001,193.690002,195.169998,311000
5554,2022-01-28,194.929993,200.940002,191.850006,200.899994,236200
5555,2022-01-31,200.300003,202.309998,197.639999,201.869995,326800
5556,2022-02-01,201.479996,204.630005,200.309998,202.970001,388400
5557,2022-02-02,202.119995,203.130005,198.690002,202.119995,223700
5558,2022-02-03,201.330002,202.039993,198.270004,198.710007,228500
5559,2022-02-04,198.789993,203.059998,197.410004,201.589996,197200
5560,2022-02-07,201.589996,204.509995,199.440002,199.809998,284900
5561,2022-02-08,199.380005,199.889999,197.470001,199.639999,430500
5562,2022-02-09,199.720001,205.699997,199.720001,204.940002,314500
5563,2022-02-10,205.059998,208.630005,203.080002,203.75,812300
5564,2022-02-11,203.009995,205.020004,202.029999,203.570007,303500
5565,2022-02-14,203.589996,206.369995,201.309998,202.839996,371000
5566,2022-02-15,203.020004,206.970001,202.479996,204.289993,206000
5567,2022-02-16,203.449997,204.850006,200.850006,204.559998,381200
5568,2022-02-17,204.130005,204.130005,199.789993,199.910004,577000
5569,2022-02-18,199.220001,201.0,195.830002,196.5,220000
5570,2022-02-22,195.270004,196.419998,192.229996,193.679993,422700
5571,2022-02-23,195.210007,195.550003,191.509995,193.110001,344200
5572,2022-02-24,175.050003,179.850006,161.229996,167.710007,1630200
5573,2022-02-25,166.270004,170.089996,166.089996,168.0,713500
5574,2022-02-28,164.75,168.899994,163.190002,166.199997,858200
5575,2022-03-01,165.789993,168.949997,165.0,166.160004,427200
5576,2022-03-02,166.5,176.100006,166.5,175.350006,587800
5577,2022-03-03,174.529999,175.490005,172.770004,174.960007,334700
5578,2022-03-04,173.080002,175.470001,171.660004,174.520004,338200
5579,2022-03-07,173.550003,175.929993,171.119995,172.850006,364900
5580,2022-03-08,172.830002,176.0,168.669998,172.479996,384700
5581,2022-03-09,174.419998,174.830002,167.270004,169.919998,697400
5582,2022-03-10,168.169998,168.639999,164.270004,167.779999,436900
5583,2022-03-11,166.320007,177.529999,158.380005,173.0,1511100
5584,2022-03-14,174.289993,179.449997,172.940002,175.0,501000
5585,2022-03-15,174.899994,179.800003,174.899994,178.820007,395100
5586,2022-03-16,179.309998,182.649994,176.050003,182.550003,284400
5587,2022-03-17,182.550003,185.380005,179.320007,184.490005,327900
5588,2022-03-18,182.229996,185.130005,178.860001,181.199997,543400
5589,2022-03-21,182.979996,183.929993,179.699997,182.169998,300700
5590,2022-03-22,181.449997,181.910004,178.410004,179.330002,270200
5591,2022-03-23,179.110001,181.229996,176.970001,177.779999,251500
5592,2022-03-24,178.240005,181.479996,177.399994,178.869995,215100
5593,2022-03-25,178.679993,179.149994,174.050003,174.839996,895100
5594,2022-03-28,175.5,178.199997,174.509995,175.229996,555600
5595,2022-03-29,175.639999,178.559998,173.669998,178.460007,422600
5596,2022-03-30,178.649994,179.809998,173.539993,175.630005,457100
5597,2022-03-31,175.630005,180.130005,173.800003,179.410004,395600
5598,2022-04-01,180.600006,184.899994,180.130005,184.649994,424400
5599,2022-04-04,184.850006,188.789993,183.580002,184.029999,613000
5600,2022-04-05,182.669998,186.860001,182.210007,184.710007,354600
5601,2022-04-06,183.75,188.820007,183.75,185.479996,471100
5602,2022-04-07,185.059998,191.690002,184.009995,190.110001,624000
5603,2022-04-08,191.080002,191.830002,188.910004,189.270004,820100
5604,2022-04-11,188.479996,188.899994,185.089996,185.539993,203100
5605,2022-04-12,185.139999,189.389999,185.059998,186.660004,204000
5606,2022-04-13,185.690002,190.889999,185.690002,190.190002,196800
5607,2022-04-14,189.220001,193.800003,189.220001,191.910004,339400
5608,2022-04-18,191.520004,193.929993,188.0,188.809998,278800
5609,2022-04-19,188.300003,189.919998,183.429993,184.240005,269700
5610,2022-04-20,185.440002,188.649994,184.929993,187.259995,351800
5611,2022-04-21,188.550003,191.460007,186.860001,190.220001,327600
5612,2022-04-22,192.830002,195.070007,186.880005,187.630005,379600
5613,2022-04-25,186.309998,187.490005,181.279999,186.240005,240000
5614,2022-04-26,184.190002,185.839996,174.669998,174.809998,575000
5615,2022-04-27,175.770004,177.869995,173.220001,177.300003,479400
5616,2022-04-28,178.770004,179.440002,175.270004,179.339996,205000
5617,2022-04-29,178.729996,182.929993,175.839996,177.559998,236700
5618,2022-05-02,176.860001,180.699997,175.429993,179.820007,232800
5619,2022-05-03,180.570007,182.320007,177.419998,179.679993,338500
5620,2022-05-04,190.619995,191.779999,179.679993,186.360001,655900
5621,2022-05-05,190.020004,193.330002,184.339996,186.990005,364400
5622,2022-05-06,183.869995,187.020004,181.190002,184.089996,610300
5623,2022-05-09,181.779999,184.949997,177.910004,178.580002,414800
5624,2022-05-10,181.089996,183.899994,174.360001,179.110001,729900
5625,2022-05-11,177.630005,184.259995,177.630005,179.490005,514000
5626,2022-05-12,179.960007,182.479996,178.740005,181.369995,419700
5627,2022-05-13,182.039993,185.009995,181.539993,183.440002,792400
5628,2022-05-16,183.940002,189.869995,182.25,185.130005,203400
5629,2022-05-17,186.199997,191.25,186.199997,190.990005,503800
5630,2022-05-18,188.509995,192.199997,184.860001,185.380005,370300
5631,2022-05-19,184.660004,187.800003,182.389999,186.309998,254400
5632,2022-05-20,188.070007,188.880005,184.580002,188.330002,465800
5633,2022-05-23,188.809998,217.850006,188.809998,210.139999,1532400
5634,2022-05-24,210.5,220.020004,209.119995,218.949997,996000
5635,2022-05-25,219.990005,229.820007,217.139999,228.389999,828000
5636,2022-05-26,225.949997,227.960007,221.559998,224.779999,590600
5637,2022-05-27,226.119995,236.059998,223.020004,235.830002,544100
5638,2022-05-31,230.860001,233.660004,227.960007,230.339996,633700
5639,2022-06-01,232.339996,234.529999,226.429993,231.289993,436800
5640,2022-06-02,230.149994,230.149994,222.029999,228.229996,428200
5641,2022-06-03,227.320007,231.339996,225.850006,228.639999,436800
5642,2022-06-06,230.0,231.990005,224.320007,225.839996,614200
5643,2022-06-07,225.610001,230.580002,223.5,228.619995,430400
5644,2022-06-08,228.960007,231.210007,227.149994,228.729996,318200
5645,2022-06-09,227.279999,227.460007,220.619995,221.160004,687900
5646,2022-06-10,220.25,221.690002,218.210007,220.649994,461600
